P(Engine_Core_Health=Healthy),P(Engine_Core_Health=Degrading),P(Engine_Core_Health=Critical),cycle,true
0.88513297776504,0.11486654510706248,4.771278976249364e-07,0,Healthy
0.9411347579853578,0.05886520481667787,3.71979642445577e-08,1,Healthy
0.991934380629436,0.008065619247126978,1.2343705294299067e-10,2,Healthy
0.21713136717510217,0.7819074984557141,0.0009611343691837538,3,Healthy
0.9213620527592644,0.07863792283854605,2.4402189440416157e-08,4,Degrading
0.9231182855945762,0.0768816673809847,4.702443903071645e-08,5,Degrading
0.6951322882220893,0.3048626396327209,5.072145189813974e-06,6,Degrading
0.7115194778748295,0.28846155273691804,1.896938825259255e-05,7,Degrading
0.42144746021855334,0.5784034879087874,0.00014905187265931832,8,Degrading
0.7231969655697776,0.2768013905881342,1.643842088162989e-06,9,Degrading
0.861999102864695,0.13800060927930918,2.878559957351376e-07,10,Degrading
0.0026065277754510974,0.18091726727319282,0.8164762049513561,11,Degrading
0.02178777300877139,0.803817453763732,0.17439477322749658,12,Critical
0.018834726117104128,0.6847958545406142,0.29636941934228167,13,Critical
0.07090139701161743,0.8896039933063605,0.03949460968202196,14,Critical
4.3430473358858074e-05,0.014474009501792852,0.9854825600248482,15,Critical
0.000315777578500114,0.04850654884149389,0.9511776735800059,16,Critical
1.775109061246216e-08,4.68651567425137e-05,0.9999531170921669,17,Critical
1.775109061246216e-08,4.68651567425137e-05,0.9999531170921669,18,Critical
1.775109061246216e-08,4.68651567425137e-05,0.9999531170921669,19,Critical
1.775109061246216e-08,4.68651567425137e-05,0.9999531170921669,20,Critical
0.9964996418100928,0.003500358183546197,6.3610663228590275e-12,0,Healthy
0.9964996418100928,0.003500358183546197,6.3610663228590275e-12,1,Healthy
0.9920817002907656,0.007918299651193353,5.804109037052251e-11,2,Healthy
0.9935740435402786,0.006425956422124824,3.759659635644956e-11,3,Healthy
0.9964996418100928,0.003500358183546197,6.3610663228590275e-12,4,Healthy
0.991934380629436,0.008065619247126978,1.2343705294299067e-10,5,Healthy
0.991934380629436,0.008065619247126978,1.2343705294299067e-10,6,Healthy
0.991934380629436,0.008065619247126978,1.2343705294299067e-10,7,Healthy
0.99173606003579,0.008263939900046072,6.41639230229073e-11,8,Healthy
0.9926075648339677,0.007392435104787496,6.12449483482737e-11,9,Healthy
0.99173606003579,0.008263939900046072,6.41639230229073e-11,10,Healthy
0.9810759906244563,0.01892400813815181,1.2373919216262014e-09,11,Healthy
0.9845160212984309,0.015483978382282932,3.19286266983142e-10,12,Healthy
0.9964996418100928,0.003500358183546197,6.3610663228590275e-12,13,Healthy
0.8583734639634414,0.14162608406755028,4.5196900842043427e-07,14,Degrading
0.8392480220114495,0.16075095539987988,1.0225886706317093e-06,15,Degrading
0.20357261784316794,0.7933084994490655,0.0031188827077666035,16,Degrading
0.43983452481678814,0.5600620674577801,0.00010340772543173466,17,Degrading
0.15505492337803373,0.8392952538016214,0.005649822820344914,18,Degrading
6.206061130479037e-05,0.016357994327566825,0.9835799450611283,19,Critical
1.775109061246216e-08,4.68651567425137e-05,0.9999531170921669,20,Critical
1.775109061246216e-08,4.68651567425137e-05,0.9999531170921669,21,Critical
1.775109061246216e-08,4.68651567425137e-05,0.9999531170921669,22,Critical
1.775109061246216e-08,4.68651567425137e-05,0.9999531170921669,23,Critical
1.775109061246216e-08,4.68651567425137e-05,0.9999531170921669,24,Critical
0.7177323095061371,0.2822652471636069,2.443330256030229e-06,0,Healthy
0.9361772777554942,0.06382268555629048,3.6688215259939095e-08,1,Healthy
0.991934380629436,0.008065619247126978,1.2343705294299067e-10,2,Healthy
0.9608129573269872,0.039187024206304225,1.8466708736980367e-08,3,Healthy
0.9611802886177285,0.03881970233260559,9.049665898033908e-09,4,Healthy
0.991934380629436,0.008065619247126978,1.2343705294299067e-10,5,Healthy
0.9342257889380335,0.06577413945622292,7.160574360393758e-08,6,Healthy
0.8577925473873317,0.1422071645016171,2.8811105124629e-07,7,Healthy
0.9367797524577761,0.06322021667739083,3.086483315329291e-08,8,Degrading
0.983052481859412,0.016947516958147824,1.1824402928972654e-09,9,Degrading
0.7490962053611275,0.2508989282554586,4.866383413724437e-06,10,Degrading
0.746734545009896,0.2532591736570278,6.281333076089876e-06,11,Degrading
0.9146349157246023,0.08536500174451109,8.253088676134972e-08,12,Degrading
0.8615982368926609,0.13840137383667891,3.8927066028569575e-07,13,Degrading
0.7191803444386037,0.28081134277832587,8.312783070427721e-06,14,Degrading
0.5191093580696611,0.48082982709661776,6.08148337211074e-05,15,Degrading
0.7351822332808762,0.264816525796307,1.240922816928236e-06,16,Critical
0.18214148148615356,0.8166527052190881,0.0012058132947583026,17,Critical
0.0036230058776445242,0.2132447382823208,0.7831322558400348,18,Critical
0.018363156454388525,0.6637474476202666,0.3178893959253449,19,Critical
0.045793712020496716,0.8708764812854524,0.08332980669405089,20,Critical
0.001039389569917825,0.13000430089825393,0.8689563095318282,21,Critical
1.126150778192679e-07,0.00019903739759502046,0.9998008499873272,22,Critical
0.7465850600614314,0.25341253010152404,2.4098370445363416e-06,0,Healthy
0.9307851450487927,0.06921480300275075,5.1948456602159775e-08,1,Healthy
0.5984005420725691,0.40158497194042847,1.4485987002492379e-05,2,Healthy
0.8815728778397856,0.1184269306481944,1.9151202014104588e-07,3,Healthy
0.5216535282006017,0.478324680570467,2.179122893142199e-05,4,Healthy
0.7401142811957785,0.2598829583827527,2.7604214687485224e-06,5,Healthy
0.9367797524577761,0.06322021667739083,3.086483315329291e-08,6,Degrading
0.8533053684406252,0.14669427104286328,3.60516511496842e-07,7,Degrading
0.607096086460222,0.3928922301056987,1.1683434079388399e-05,8,Degrading
0.3417137261506515,0.6573416820531084,0.0009445917962401683,9,Degrading
0.7947078722604055,0.2052893032161586,2.8245234358910742e-06,10,Degrading
0.032267414852056135,0.8339621782999739,0.13377040684797006,11,Degrading
6.01185991948489e-06,0.0030898416864041213,0.9969041464536764,12,Critical
1.775109061246216e-08,4.68651567425137e-05,0.9999531170921669,13,Critical
1.775109061246216e-08,4.68651567425137e-05,0.9999531170921669,14,Critical
0.9964996418100928,0.003500358183546197,6.3610663228590275e-12,0,Healthy
0.9964996418100928,0.003500358183546197,6.3610663228590275e-12,1,Healthy
0.991934380629436,0.008065619247126978,1.2343705294299067e-10,2,Healthy
0.9964996418100928,0.003500358183546197,6.3610663228590275e-12,3,Healthy
0.9926075648339677,0.007392435104787496,6.12449483482737e-11,4,Healthy
0.991934380629436,0.008065619247126978,1.2343705294299067e-10,5,Healthy
0.9818593340160335,0.018140664864149014,1.1198174253618286e-09,6,Healthy
0.9253279808745557,0.07467195571932313,6.34061211790933e-08,7,Healthy
0.769289624640131,0.2307064010913275,3.97426854136514e-06,8,Degrading
0.877729109799245,0.12227065034985482,2.398509001305185e-07,9,Degrading
0.9065469698990093,0.09345287925609612,1.508448946039757e-07,10,Degrading
0.8288260419429088,0.1711725860396687,1.3720174225152326e-06,11,Degrading
0.8895551443479209,0.11044440288793268,4.527641464080084e-07,12,Degrading
0.19063423933339538,0.8069071577016984,0.0024586029649060676,13,Degrading
0.568073804252615,0.4318550191128147,7.117663457023785e-05,14,Degrading
0.5033547993837235,0.4966085362337156,3.6664382560891175e-05,15,Degrading
0.08938846229099781,0.9053652585952533,0.005246279113749059,16,Degrading
0.0019170687994566687,0.1679788706527736,0.8301040605477696,17,Critical
1.5883472318346324e-06,0.0013449831894451214,0.9986534284633231,18,Critical
0.01123154837161805,0.5335710533864525,0.4551973982419295,0,Healthy
0.2693426490349004,0.7293949447889558,0.0012624061761437927,1,Healthy
0.2448157581269557,0.7547004069723343,0.0004838349007099796,2,Healthy
0.05208741462586024,0.7926915971269259,0.15522098824721392,3,Healthy
0.019489473587567415,0.7557599514219522,0.2247505749904803,4,Healthy
0.45452267097287546,0.5453906590277684,8.66699993561005e-05,5,Healthy
0.024434461720921768,0.7988200777560502,0.176745460523028,6,Healthy
0.11799952362632712,0.8658951180511815,0.016105358322491437,7,Healthy
0.020872681280306574,0.6168912903419987,0.3622360283776947,8,Degrading
0.34709066376101894,0.6522238520639644,0.0006854841750167346,9,Degrading
0.008139571022784576,0.4816853488639188,0.5101750801132967,10,Degrading
0.0008311485551892229,0.10270487037927664,0.8964639810655342,11,Critical
1.775109061246216e-08,4.68651567425137e-05,0.9999531170921669,12,Critical
1.7140985121522214e-07,0.0002593136137779538,0.9997405149763708,13,Critical
1.775109061246216e-08,4.68651567425137e-05,0.9999531170921669,14,Critical
0.9964996418100928,0.003500358183546197,6.3610663228590275e-12,0,Healthy
0.9690921391081498,0.03090785648418722,4.407662962100798e-09,1,Healthy
0.9692347364475741,0.030765256641646876,6.910778961549753e-09,2,Healthy
0.9205307328723723,0.07946919244988798,7.46777396934152e-08,3,Healthy
0.991934380629436,0.008065619247126978,1.2343705294299067e-10,4,Healthy
0.9964996418100928,0.003500358183546197,6.3610663228590275e-12,5,Healthy
0.9964996418100928,0.003500358183546197,6.3610663228590275e-12,6,Healthy
0.9964996418100928,0.003500358183546197,6.3610663228590275e-12,7,Healthy
0.991934380629436,0.008065619247126978,1.2343705294299067e-10,8,Healthy
0.9935740435402786,0.006425956422124824,3.759659635644956e-11,9,Healthy
0.903718840806142,0.09628104584267964,1.1335117853856625e-07,10,Healthy
0.7719908169859911,0.22800714394041618,2.0390735926424288e-06,11,Healthy
0.9810759906244563,0.01892400813815181,1.2373919216262014e-09,12,Degrading
0.8500486372012721,0.1499508819494051,4.808493227435168e-07,13,Degrading
0.5562054198819211,0.4437755672701115,1.9012847967369472e-05,14,Degrading
0.5837278625344612,0.41625310827695405,1.902918858469071e-05,15,Degrading
0.7112423570169963,0.2887516477181298,5.995264873891027e-06,16,Degrading
0.12306407699129533,0.8731950197497973,0.0037409032589073377,17,Degrading
0.7511751415122839,0.2488177023265726,7.156161143575667e-06,18,Degrading
0.9630238750822596,0.036976116909205665,8.008534701377791e-09,19,Degrading
0.7269814290520861,0.2730154398768232,3.131071090835301e-06,20,Degrading
0.07311920549947773,0.9054133808104726,0.02146741369004969,21,Degrading
0.14498593474073496,0.846384482591865,0.008629582667399978,22,Degrading
0.007661893179491899,0.4573359109822703,0.5350021958382378,23,Degrading
0.025516580485550923,0.8114994182682084,0.16298400124624068,24,Degrading
4.550818818368406e-06,0.0026467890497948125,0.9973486601313868,25,Critical
0.024409953898043953,0.724001136850659,0.2515889092512971,26,Critical
2.478982130816983e-06,0.001674010548114505,0.9983235104697546,27,Critical
2.972388413153182e-06,0.002006494766489998,0.9979905328450969,28,Critical
1.775109061246216e-08,4.68651567425137e-05,0.9999531170921669,29,Critical
0.006140370243442766,0.4138243115200922,0.580035318236465,30,Critical
1.775109061246216e-08,4.68651567425137e-05,0.9999531170921669,31,Critical
1.126150778192679e-07,0.00019903739759502046,0.9998008499873272,32,Critical
1.775109061246216e-08,4.68651567425137e-05,0.9999531170921669,33,Critical
1.775109061246216e-08,4.68651567425137e-05,0.9999531170921669,34,Critical
1.775109061246216e-08,4.68651567425137e-05,0.9999531170921669,35,Critical
0.003999632438776942,0.27273352134141743,0.7232668462198056,0,Healthy
0.43033647988761337,0.5695425274243964,0.00012099268799024478,1,Healthy
0.11316109878596262,0.8795796308849314,0.007259270329105888,2,Healthy
0.07232973438350318,0.9007556859723209,0.026914579644175842,3,Degrading
0.03105411743265612,0.7646090326179512,0.20433684994939258,4,Degrading
0.00012143444112801609,0.023705139589887646,0.9761734259689844,5,Degrading
0.09028550269977664,0.8789065108157941,0.03080798648442936,6,Degrading
3.771534728444536e-06,0.0021799889948667162,0.9978162394704048,7,Degrading
0.0005501465888099954,0.0846759328884768,0.9147739205227132,8,Critical
1.335152468385572e-06,0.0009658088612278854,0.9990328559863038,9,Critical
2.5058509102622086e-07,0.00031696661633442595,0.9996827827985745,10,Critical
1.775109061246216e-08,4.68651567425137e-05,0.9999531170921669,11,Critical
0.983052481859412,0.016947516958147824,1.1824402928972654e-09,0,Healthy
0.9964996418100928,0.003500358183546197,6.3610663228590275e-12,1,Healthy
0.9964996418100928,0.003500358183546197,6.3610663228590275e-12,2,Healthy
0.9864731271041862,0.01352687253500812,3.608057637309022e-10,3,Healthy
0.9818593340160335,0.018140664864149014,1.1198174253618286e-09,4,Healthy
0.9930564264934726,0.006943573464731041,4.179632348659984e-11,5,Healthy
0.9149754761511951,0.08502442161621936,1.0223258562733227e-07,6,Healthy
0.9703651827143196,0.02963481483189319,2.4537872425908618e-09,7,Healthy
0.991934380629436,0.008065619247126978,1.2343705294299067e-10,8,Healthy
0.991934380629436,0.008065619247126978,1.2343705294299067e-10,9,Degrading
0.9854204090771493,0.014579590622403051,3.0044766912775903e-10,10,Degrading
0.9926075648339677,0.007392435104787496,6.12449483482737e-11,11,Degrading
0.9692347364475741,0.030765256641646876,6.910778961549753e-09,12,Degrading
0.8822770933039866,0.11772268868462846,2.1801138491773928e-07,13,Degrading
0.9926075648339677,0.007392435104787496,6.12449483482737e-11,14,Degrading
0.9608129573269872,0.039187024206304225,1.8466708736980367e-08,15,Degrading
0.8690663711871088,0.1309329478728068,6.809400843825715e-07,16,Degrading
0.8775944320664989,0.12240487265953182,6.952739693479094e-07,17,Critical
0.8487947596707797,0.1512042601829739,9.8014624645198e-07,18,Critical
0.9365801611256233,0.06341979712501922,4.174935753939119e-08,19,Critical
0.21709252861576026,0.7817169951545934,0.0011904762296464906,20,Critical
3.082607128936805e-07,0.0003631500794079601,0.9996365416598793,21,Critical
1.775109061246216e-08,4.68651567425137e-05,0.9999531170921669,22,Critical
0.9852496179741115,0.014750381299106174,7.267823835897679e-10,0,Healthy
0.983052481859412,0.016947516958147824,1.1824402928972654e-09,1,Healthy
0.991934380629436,0.008065619247126978,1.2343705294299067e-10,2,Healthy
0.991934380629436,0.008065619247126978,1.2343705294299067e-10,3,Healthy
0.9671013408748913,0.03289865258679955,6.538309116784489e-09,4,Healthy
0.991934380629436,0.008065619247126978,1.2343705294299067e-10,5,Healthy
0.991934380629436,0.008065619247126978,1.2343705294299067e-10,6,Healthy
0.991934380629436,0.008065619247126978,1.2343705294299067e-10,7,Healthy
0.99312591447403,0.0068740854908279185,3.5141995498724784e-11,8,Healthy
0.9874161639125233,0.012583835880358694,2.0711800406308867e-10,9,Healthy
0.927798482448457,0.07220146701027715,5.0541265915554244e-08,10,Healthy
0.9964996418100928,0.003500358183546197,6.3610663228590275e-12,11,Healthy
0.9964996418100928,0.003500358183546197,6.3610663228590275e-12,12,Healthy
0.9324277456781934,0.06757221545365895,3.886814753010218e-08,13,Degrading
0.9810759906244563,0.01892400813815181,1.2373919216262014e-09,14,Degrading
0.983052481859412,0.016947516958147824,1.1824402928972654e-09,15,Degrading
0.9445343663988207,0.05546560813542256,2.5465756799600832e-08,16,Degrading
0.8964656284692205,0.10353417068795358,2.0084282592340003e-07,17,Degrading
0.04240555187636026,0.8901376304320805,0.06745681769155924,18,Degrading
0.3877219384886321,0.6119173621579898,0.0003606993533782901,19,Degrading
0.13213390060539174,0.8607184576620385,0.007147641732569826,20,Critical
0.008016934531720536,0.3870922340930005,0.604890831375279,21,Critical
0.034129312147262954,0.838986712056581,0.1268839757961561,22,Critical
3.6868613374661155e-06,0.002186116841614029,0.9978101962970485,23,Critical
1.126150778192679e-07,0.00019903739759502046,0.9998008499873272,24,Critical
1.7140985121522214e-07,0.0002593136137779538,0.9997405149763708,25,Critical
0.9964996418100928,0.003500358183546197,6.3610663228590275e-12,0,Healthy
0.9745380658164764,0.025461927240318247,6.943205308366787e-09,1,Healthy
0.9920817002907656,0.007918299651193353,5.804109037052251e-11,2,Healthy
0.9692347364475741,0.030765256641646876,6.910778961549753e-09,3,Healthy
0.9842301797098639,0.01576981961120053,6.789356390532808e-10,4,Healthy
0.98407220963105,0.01592778956152742,8.074226856083238e-10,5,Healthy
0.9920817002907656,0.007918299651193353,5.804109037052251e-11,6,Healthy
0.9818593340160335,0.018140664864149014,1.1198174253618286e-09,7,Healthy
0.991934380629436,0.008065619247126978,1.2343705294299067e-10,8,Healthy
0.9710614009368503,0.02893859434016875,4.722980876146769e-09,9,Healthy
0.9710614009368503,0.02893859434016875,4.722980876146769e-09,10,Healthy
0.9839589849775561,0.01604101451425982,5.081840727828246e-10,11,Healthy
0.9671453766314798,0.03285461691994755,6.44857275357041e-09,12,Healthy
0.9655029604622317,0.034497026187798326,1.3349969997998699e-08,13,Healthy
0.9852496179741115,0.014750381299106174,7.267823835897679e-10,14,Healthy
0.9852496179741115,0.014750381299106174,7.267823835897679e-10,15,Degrading
0.9445343663988207,0.05546560813542256,2.5465756799600832e-08,16,Degrading
0.8852452551566528,0.11475434263124805,4.022120992135872e-07,17,Degrading
0.8095948788701834,0.1904034098810199,1.7112487966557587e-06,18,Degrading
0.7205432847847408,0.2794472418329084,9.473382350882742e-06,19,Degrading
0.7556720964951255,0.24432407098129075,3.832523583783115e-06,20,Degrading
0.7329514397439016,0.26704477077828903,3.789477809393687e-06,21,Degrading
0.19243668071964282,0.8062009800948291,0.0013623391855280705,22,Degrading
0.5302117368785676,0.46976476881320844,2.3494308223852016e-05,23,Degrading
0.33961753264420474,0.6602453382664671,0.00013712908932812386,24,Degrading
0.5470730242282408,0.4529010527984009,2.5922973358307048e-05,25,Degrading
0.1286301342236119,0.8624474402796024,0.008922425496785617,26,Critical
2.322808677702297e-05,0.009220258903129734,0.9907565130100933,27,Critical
4.343565305039026e-05,0.013836400477414393,0.9861201638695353,28,Critical
0.012719607277569114,0.7040765431481124,0.2832038495743184,29,Critical
1.658063507521532e-06,0.0013737179557055483,0.998624623980787,30,Critical
1.126150778192679e-07,0.00019903739759502046,0.9998008499873272,31,Critical
1.126150778192679e-07,0.00019903739759502046,0.9998008499873272,32,Critical
1.775109061246216e-08,4.68651567425137e-05,0.9999531170921669,33,Critical
1.775109061246216e-08,4.68651567425137e-05,0.9999531170921669,34,Critical
1.775109061246216e-08,4.68651567425137e-05,0.9999531170921669,35,Critical
1.775109061246216e-08,4.68651567425137e-05,0.9999531170921669,36,Critical
0.7124795233799635,0.2875172292138442,3.2474061923218747e-06,0,Healthy
0.06030767292592206,0.9127548340662921,0.026937493007785904,1,Healthy
0.521155648634553,0.47881530285898904,2.9048506458059824e-05,2,Healthy
0.44955215533977855,0.5503342088577404,0.00011363580248097316,3,Healthy
0.7672006026575567,0.23279490724045776,4.4901019854263976e-06,4,Healthy
0.003274549353352195,0.3083563037951784,0.6883691468514694,5,Healthy
0.09244277227846538,0.8921195400420261,0.015437687679508434,6,Healthy
0.11551061189385417,0.8779653262669478,0.006524061839198022,7,Healthy
0.006140370243442766,0.4138243115200922,0.580035318236465,8,Degrading
0.006045966502664637,0.41523144460550665,0.5787225888918287,9,Degrading
6.206061130479037e-05,0.016357994327566825,0.9835799450611283,10,Degrading
0.0004611619116561254,0.07958903356520707,0.9199498045231368,11,Critical
3.9119462666568504e-07,0.00039460679948859423,0.9996050020058846,12,Critical
3.525837963140759e-05,0.011979630476995847,0.9879851111433727,13,Critical
3.4081945264643605e-06,0.0022230997966536737,0.9977734920088199,14,Critical
1.775109061246216e-08,4.68651567425137e-05,0.9999531170921669,15,Critical
1.775109061246216e-08,4.68651567425137e-05,0.9999531170921669,16,Critical
0.36990602464400973,0.6299865252307858,0.00010745012520446112,0,Healthy
0.3183914356914412,0.6808876710268722,0.0007208932816867269,1,Healthy
0.07922973887212696,0.9096935648289443,0.011076696298928749,2,Healthy
0.3300165307096695,0.6695261873348657,0.00045728195546495295,3,Degrading
0.15978978182578343,0.831454741604048,0.008755476570168615,4,Degrading
0.060297433693106806,0.9126841519417439,0.02701841436514928,5,Degrading
0.1522172552373592,0.839858445688075,0.007924299074565757,6,Degrading
0.07119770607406996,0.9085344660811181,0.020267827844812035,7,Degrading
2.8836385902862533e-06,0.001976199847785131,0.9980209165136246,8,Degrading
0.12533432188914048,0.8686467978240808,0.006018880286778785,9,Degrading
0.0003989248372494091,0.05953977905629271,0.9400612961064578,10,Critical
0.007817591382395251,0.44602033113142475,0.54616207748618,11,Critical
2.8564683845712362e-06,0.001970592271709827,0.9980265512599057,12,Critical
1.775109061246216e-08,4.68651567425137e-05,0.9999531170921669,13,Critical
1.775109061246216e-08,4.68651567425137e-05,0.9999531170921669,14,Critical
1.775109061246216e-08,4.68651567425137e-05,0.9999531170921669,15,Critical
1.775109061246216e-08,4.68651567425137e-05,0.9999531170921669,16,Critical
0.19103118441464823,0.8070699065711382,0.001898909014213601,0,Healthy
0.32181148014787053,0.6777002792551752,0.00048824059695443665,1,Healthy
0.055159235362098,0.8948762509853674,0.049964513652534674,2,Healthy
0.1171668625129352,0.8702538812897782,0.012579256197286682,3,Degrading
0.277287561629,0.7217519194335211,0.0009605189374789236,4,Degrading
0.04578118492800562,0.9154762532547257,0.038742561817268595,5,Degrading
0.10289355074936794,0.8923479536142487,0.0047584956363833225,6,Degrading
0.005995484255512537,0.4102071922390528,0.5837973235054348,7,Degrading
0.10034326119870425,0.891029936570128,0.008626802231167945,8,Degrading
3.082607128936805e-07,0.0003631500794079601,0.9996365416598793,9,Critical
1.775109061246216e-08,4.68651567425137e-05,0.9999531170921669,10,Critical
1.775109061246216e-08,4.68651567425137e-05,0.9999531170921669,11,Critical
1.775109061246216e-08,4.68651567425137e-05,0.9999531170921669,12,Critical
0.9920817002907656,0.007918299651193353,5.804109037052251e-11,0,Healthy
0.991934380629436,0.008065619247126978,1.2343705294299067e-10,1,Healthy
0.991934380629436,0.008065619247126978,1.2343705294299067e-10,2,Healthy
0.9930564264934726,0.006943573464731041,4.179632348659984e-11,3,Healthy
0.98407220963105,0.01592778956152742,8.074226856083238e-10,4,Healthy
0.9810759906244563,0.01892400813815181,1.2373919216262014e-09,5,Healthy
0.9872896965163027,0.0127103032373746,2.4632260898205125e-10,6,Degrading
0.1770779594910334,0.821581831412235,0.0013402090967315123,7,Critical
2.7343777256238567e-05,0.010809120734255457,0.9891635354884883,8,Critical
1.775109061246216e-08,4.68651567425137e-05,0.9999531170921669,9,Critical
0.15543012334902376,0.8243384849110841,0.020231391739892055,0,Healthy
0.021326849646548542,0.7305971426447221,0.2480760077087294,1,Healthy
0.14775167412974138,0.8462348074481564,0.006013518422102104,2,Healthy
0.0005595462496477766,0.08077872194135045,0.9186617318090018,3,Healthy
0.4289672304647182,0.5708237058115883,0.0002090637236936955,4,Healthy
0.0007496440294202172,0.10453599687864218,0.8947143590919376,5,Healthy
0.02992854707969484,0.7323391866365123,0.23773226628379288,6,Healthy
0.0009426278356463448,0.11255239933166981,0.8865049728326838,7,Healthy
5.626562037900506e-06,0.002874730255545844,0.9971196431824163,8,Healthy
0.016654803237285163,0.6770537237019507,0.306291473060764,9,Degrading
0.018319550829349964,0.6807562328106447,0.3009242163600054,10,Degrading
3.082607128936805e-07,0.0003631500794079601,0.9996365416598793,11,Degrading
2.5058509102622086e-07,0.00031696661633442595,0.9996827827985745,12,Degrading
2.8564683845712362e-06,0.001970592271709827,0.9980265512599057,13,Degrading
2.615896252844203e-07,0.0003237455586914621,0.9996759928516832,14,Critical
1.775109061246216e-08,4.68651567425137e-05,0.9999531170921669,15,Critical
1.775109061246216e-08,4.68651567425137e-05,0.9999531170921669,16,Critical
1.775109061246216e-08,4.68651567425137e-05,0.9999531170921669,17,Critical
0.9842301797098639,0.01576981961120053,6.789356390532808e-10,0,Healthy
0.9964996418100928,0.003500358183546197,6.3610663228590275e-12,1,Healthy
0.9713446537333771,0.028655342294700084,3.971922797624991e-09,2,Healthy
0.9920817002907656,0.007918299651193353,5.804109037052251e-11,3,Healthy
0.991934380629436,0.008065619247126978,1.2343705294299067e-10,4,Healthy
0.9505634952228618,0.04943646012382269,4.465331548758371e-08,5,Healthy
0.99312591447403,0.0068740854908279185,3.5141995498724784e-11,6,Healthy
0.9324277456781934,0.06757221545365895,3.886814753010218e-08,7,Healthy
0.98407220963105,0.01592778956152742,8.074226856083238e-10,8,Healthy
0.8541997755682014,0.14579970472301523,5.197087834442701e-07,9,Healthy
0.991934380629436,0.008065619247126978,1.2343705294299067e-10,10,Healthy
0.9253279808745557,0.07467195571932313,6.34061211790933e-08,11,Healthy
0.9645274526173364,0.03547254012955939,7.25310425562519e-09,12,Healthy
0.991934380629436,0.008065619247126978,1.2343705294299067e-10,13,Healthy
0.991934380629436,0.008065619247126978,1.2343705294299067e-10,14,Healthy
0.9668854903517996,0.0331145039013201,5.74688033069411e-09,15,Degrading
0.7117888910015726,0.2882067197128596,4.389285567810213e-06,16,Degrading
0.6589653751719583,0.34100575989820214,2.8864929839628946e-05,17,Degrading
0.9203857398429158,0.07961416052951409,9.962756999325734e-08,18,Degrading
5.505658627471706e-05,0.01501722772558098,0.9849277156881444,19,Critical
0.021011517560249045,0.6532120167161893,0.3257764657235616,20,Critical
0.04920791606402226,0.8818232448730543,0.0689688390629235,21,Critical
3.4668554538003225e-05,0.01121640780611812,0.988748923639344,22,Critical
0.00014876319314408463,0.02852558469794289,0.9713256521089131,23,Critical
1.775109061246216e-08,4.68651567425137e-05,0.9999531170921669,24,Critical
0.9935740435402786,0.006425956422124824,3.759659635644956e-11,0,Healthy
0.9836138885147953,0.016386110672635484,8.125692617110609e-10,1,Healthy
0.991934380629436,0.008065619247126978,1.2343705294299067e-10,2,Healthy
0.9935740435402786,0.006425956422124824,3.759659635644956e-11,3,Healthy
0.9855370074802611,0.014462992182657362,3.3708152998294594e-10,4,Healthy
0.9852496179741115,0.014750381299106174,7.267823835897679e-10,5,Healthy
0.9692347364475741,0.030765256641646876,6.910778961549753e-09,6,Healthy
0.9964996418100928,0.003500358183546197,6.3610663228590275e-12,7,Healthy
0.98407220963105,0.01592778956152742,8.074226856083238e-10,8,Degrading
0.9692347364475741,0.030765256641646876,6.910778961549753e-09,9,Degrading
0.9920817002907656,0.007918299651193353,5.804109037052251e-11,10,Degrading
0.7369142664546754,0.2630808008966791,4.932648645486418e-06,11,Degrading
0.9620582728441883,0.03794171783179816,9.324013396339893e-09,12,Degrading
0.915890542760565,0.08410941494213602,4.2297298992732726e-08,13,Degrading
0.9299741227500903,0.07002581004346459,6.720644508471326e-08,14,Degrading
0.8943162767885426,0.10568333817747547,3.8503398193774027e-07,15,Degrading
0.8357364738826968,0.1642626970030909,8.291142124536334e-07,16,Degrading
0.861599591718886,0.13839949045291874,9.178281951917537e-07,17,Critical
0.04578118492800562,0.9154762532547257,0.038742561817268595,18,Critical
0.02813613950276523,0.7171911989456368,0.25467266155159796,19,Critical
1.126150778192679e-07,0.00019903739759502046,0.9998008499873272,20,Critical
1.126150778192679e-07,0.00019903739759502046,0.9998008499873272,21,Critical
0.35392065876908857,0.6459818609287742,9.748030213723343e-05,0,Healthy
0.8487530189207728,0.15124641001018646,5.710690407454659e-07,1,Healthy
0.13203284258072112,0.8582184839780269,0.009748673441252038,2,Healthy
0.07018377620909458,0.9092215038913702,0.020594719899535152,3,Healthy
0.04294522494893957,0.813165671449328,0.1438891036017323,4,Healthy
0.054035237117328994,0.8967006604757579,0.04926410240691317,5,Healthy
0.05740699722863596,0.8868541513387377,0.05573885143262645,6,Degrading
0.0021720881601183127,0.21125529490399864,0.786572616935883,7,Degrading
0.007412923254867832,0.4522345174199142,0.540352559325218,8,Degrading
8.778238178596288e-06,0.0035766359423802965,0.9964145858194411,9,Degrading
3.4081945264643605e-06,0.0022230997966536737,0.9977734920088199,10,Critical
4.213994336546529e-06,0.002414641920082305,0.9975811440855811,11,Critical
1.775109061246216e-08,4.68651567425137e-05,0.9999531170921669,12,Critical
1.775109061246216e-08,4.68651567425137e-05,0.9999531170921669,13,Critical
1.775109061246216e-08,4.68651567425137e-05,0.9999531170921669,14,Critical
0.023416138663950672,0.7943173155235473,0.18226654581250193,0,Healthy
0.47406162685510694,0.5257674129236485,0.00017096022124443597,1,Healthy
0.12306407699129533,0.8731950197497973,0.0037409032589073377,2,Healthy
0.024337249268373357,0.7239476745206942,0.2517150762109325,3,Healthy
0.24779636522406992,0.7507267669561667,0.0014768678197635524,4,Healthy
0.35387728987377653,0.6458928981349892,0.0002298119912341566,5,Healthy
0.006140370243442766,0.4138243115200922,0.580035318236465,6,Degrading
0.05541991956396921,0.8658924911857651,0.07868758925026569,7,Degrading
6.777433939704011e-06,0.0030505623698617963,0.9969426601961986,8,Degrading
0.013890117692739231,0.7269747545348129,0.259135127772448,9,Degrading
0.0023188006128282263,0.21735068246668238,0.7803305169204895,10,Degrading
0.0009426278356463448,0.11255239933166981,0.8865049728326838,11,Degrading
2.9818053902184217e-06,0.0020126657548552836,0.9979843524397545,12,Critical
1.775109061246216e-08,4.68651567425137e-05,0.9999531170921669,13,Critical
2.615896252844203e-07,0.0003237455586914621,0.9996759928516832,14,Critical
2.8564683845712362e-06,0.001970592271709827,0.9980265512599057,15,Critical
1.126150778192679e-07,0.00019903739759502046,0.9998008499873272,16,Critical
1.775109061246216e-08,4.68651567425137e-05,0.9999531170921669,17,Critical
2.0263426728084775e-07,0.0002917742635478238,0.9997080231021849,18,Critical
2.0263426728084775e-07,0.0002917742635478238,0.9997080231021849,19,Critical
1.775109061246216e-08,4.68651567425137e-05,0.9999531170921669,20,Critical
0.8783285684393649,0.12167118230545619,2.4925517891835167e-07,0,Healthy
0.8133259582406631,0.18667196244168494,2.079317651927224e-06,1,Healthy
0.7349295453774056,0.2650672600863354,3.1945362589615917e-06,2,Healthy
0.9159445123264167,0.08405540863626396,7.903731931088797e-08,3,Healthy
0.2934876125373884,0.7057344964492628,0.0007778910133487246,4,Healthy
0.8577925473873317,0.1422071645016171,2.8811105124629e-07,5,Healthy
0.3765026400970476,0.6231937232886281,0.0003036366143244396,6,Healthy
0.39495191827996146,0.604881228892108,0.00016685282793046078,7,Healthy
0.45666699194416205,0.5431207559176885,0.00021225213814954542,8,Healthy
0.13726240675364015,0.856924565793325,0.005813027453034928,9,Healthy
0.45619419271985745,0.5437068610280128,9.894625212958167e-05,10,Healthy
0.6152963532844908,0.3846742644085148,2.9382306994362597e-05,11,Degrading
0.1814259517494343,0.8164072824027486,0.0021667658478170294,12,Degrading
0.7756644364589316,0.2243334773484434,2.086192624986873e-06,13,Degrading
0.0964556883463418,0.8920368924043619,0.011507419249296288,14,Degrading
0.7120729634613026,0.28792270596425973,4.330574437626457e-06,15,Degrading
0.14503709347722063,0.853304669917795,0.0016582366049844163,16,Degrading
0.05005955413882987,0.888855111739685,0.061085334121485015,17,Degrading
0.2515738126885422,0.7473462923898454,0.0010798949216124776,18,Critical
0.01326052691207186,0.5885183977018799,0.39822107538604834,19,Critical
0.0004425050488641137,0.07805361510168143,0.9215038798494545,20,Critical
1.126150778192679e-07,0.00019903739759502046,0.9998008499873272,21,Critical
1.775109061246216e-08,4.68651567425137e-05,0.9999531170921669,22,Critical
1.775109061246216e-08,4.68651567425137e-05,0.9999531170921669,23,Critical
0.006202752355984634,0.4152297427808025,0.5785675048632128,0,Healthy
4.161978392280943e-05,0.013459392101947104,0.9864989881141301,1,Healthy
0.10775766334705152,0.8854727802200905,0.006769556432857988,2,Healthy
0.08887863051334326,0.8966206703209266,0.014500699165730026,3,Healthy
0.027593537873997397,0.8242412219070867,0.148165240218916,4,Healthy
0.0012827488265805779,0.13362149640762844,0.865095754765791,5,Healthy
0.1758804529536058,0.8204181553675014,0.0037013916788928396,6,Healthy
8.342403290523331e-05,0.019477044819040175,0.9804395311480546,7,Healthy
1.954524038780452e-06,0.0016126481177372424,0.9983853973582241,8,Healthy
0.000565726742556508,0.0903304682975231,0.9091038049599204,9,Healthy
0.030847034523073615,0.8397123779084663,0.12944058756846016,10,Healthy
0.008156698390474797,0.36288698996837304,0.6289563116411522,11,Degrading
7.536191447862087e-05,0.0198555627161117,0.9800690753694097,12,Degrading
0.0005577347112175669,0.08423763877418783,0.9152046265145946,13,Degrading
2.0263426728084775e-07,0.0002917742635478238,0.9997080231021849,14,Degrading
0.004445225213136289,0.3675588057264601,0.6279959690604036,15,Degrading
2.990491798803417e-07,0.00035765816316945317,0.9996420427876506,16,Degrading
3.771534728444536e-06,0.0021799889948667162,0.9978162394704048,17,Degrading
1.775109061246216e-08,4.68651567425137e-05,0.9999531170921669,18,Critical
2.990491798803417e-07,0.00035765816316945317,0.9996420427876506,19,Critical
1.775109061246216e-08,4.68651567425137e-05,0.9999531170921669,20,Critical
2.5058509102622086e-07,0.00031696661633442595,0.9996827827985745,21,Critical
1.775109061246216e-08,4.68651567425137e-05,0.9999531170921669,22,Critical
1.775109061246216e-08,4.68651567425137e-05,0.9999531170921669,23,Critical
1.775109061246216e-08,4.68651567425137e-05,0.9999531170921669,24,Critical
1.775109061246216e-08,4.68651567425137e-05,0.9999531170921669,25,Critical
0.5094407815891022,0.4904393945747629,0.0001198238361350326,0,Healthy
0.18815524807017883,0.8093247282524922,0.0025200236773289908,1,Healthy
0.1872520022102948,0.8101553030925772,0.002592694697128032,2,Healthy
0.10688187839025409,0.8855513231811859,0.007566798428560062,3,Healthy
0.2515738126885422,0.7473462923898454,0.0010798949216124776,4,Healthy
0.3244883011699832,0.6741607901328991,0.0013509086971178138,5,Degrading
0.19596197105420674,0.7935460462123249,0.01049198273346831,6,Degrading
0.3216139217636994,0.6777528858081043,0.0006331924281962145,7,Degrading
0.0005894211339493535,0.09208274658288293,0.9073278322831677,8,Degrading
0.00288657053519307,0.23167730597894137,0.7654361234858656,9,Degrading
0.0005754976992652448,0.07181720343973504,0.9276072988609998,10,Critical
4.3430473358858074e-05,0.014474009501792852,0.9854825600248482,11,Critical
3.4081945264643605e-06,0.0022230997966536737,0.9977734920088199,12,Critical
1.775109061246216e-08,4.68651567425137e-05,0.9999531170921669,13,Critical
1.775109061246216e-08,4.68651567425137e-05,0.9999531170921669,14,Critical
1.775109061246216e-08,4.68651567425137e-05,0.9999531170921669,15,Critical
0.9580114898877111,0.04198849903813138,1.1074157441575093e-08,0,Degrading
0.9297104135937728,0.07028949328310984,9.312311744749377e-08,1,Degrading
0.9489601638719828,0.05103982344224534,1.2685771824978616e-08,2,Degrading
0.7384903753789974,0.26150407934981423,5.545271188372609e-06,3,Degrading
0.9555007783555186,0.04449920677058489,1.4873896481179467e-08,4,Degrading
0.6146080197552406,0.3853495037109682,4.247653379116187e-05,5,Degrading
0.18873764423505765,0.8099781023788725,0.0012842533860698137,6,Degrading
0.013995829926899064,0.5748756121163233,0.4111285579567776,7,Critical
0.1420916691637524,0.8532435216461678,0.004664809190079826,8,Critical
0.01472344347697789,0.58096966589303,0.40430689062999214,9,Critical
0.018429782061984996,0.7670268526201698,0.2145433653178451,10,Critical
2.3762007770932922e-05,0.009194591395508343,0.9907816465967207,11,Critical
5.364148970922119e-05,0.015704326832931447,0.9842420316773592,12,Critical
3.082607128936805e-07,0.0003631500794079601,0.9996365416598793,13,Critical
0.45452267097287546,0.5453906590277684,8.66699993561005e-05,0,Healthy
0.4798822270980722,0.5199608574768732,0.00015691542505461605,1,Healthy
0.30861262535164735,0.6910876400411157,0.0002997346072370906,2,Healthy
0.1472904100056749,0.849586495561441,0.0031230944328841815,3,Healthy
0.7975870323361426,0.20241088396663207,2.083697225506049e-06,4,Healthy
0.6522382517571543,0.3477445389010688,1.7209341776888194e-05,5,Healthy
0.04979475402903469,0.854958870667506,0.09524637530345931,6,Healthy
0.9307851450487927,0.06921480300275075,5.1948456602159775e-08,7,Healthy
0.43891515872051096,0.5609621475522192,0.00012269372726978595,8,Healthy
0.025202516644102765,0.8083160170699704,0.16648146628592694,9,Healthy
0.24140331544794041,0.7579087672697695,0.000687917282290131,10,Degrading
0.00016759098361374263,0.04435020386616658,0.9554822051502196,11,Degrading
0.2864779695984396,0.712644648968493,0.0008773814330675437,12,Degrading
0.0006434963683690521,0.09426972007428468,0.9050867835573462,13,Degrading
0.00032034220335814027,0.04983740978725675,0.9498422480093851,14,Degrading
0.007661893179491899,0.4573359109822703,0.5350021958382378,15,Critical
2.29441673100278e-06,0.0012772662668679823,0.9987204393164011,16,Critical
1.7140985121522214e-07,0.0002593136137779538,0.9997405149763708,17,Critical
2.615896252844203e-07,0.0003237455586914621,0.9996759928516832,18,Critical
1.775109061246216e-08,4.68651567425137e-05,0.9999531170921669,19,Critical
1.335152468385572e-06,0.0009658088612278854,0.9990328559863038,20,Critical
1.126150778192679e-07,0.00019903739759502046,0.9998008499873272,21,Critical
0.08888057691549882,0.8534528836032953,0.05766653948120596,0,Healthy
0.01098825079341694,0.5299547060205853,0.4590570431859979,1,Healthy
0.12454077955684698,0.8699287196781005,0.005530500765052583,2,Healthy
0.10584887036964821,0.8877241339838573,0.006426995646494553,3,Healthy
0.3345177669366765,0.665255926255418,0.00022630680790554155,4,Healthy
0.17488477077050535,0.8237508408956624,0.0013643883338322266,5,Healthy
0.033086426131290626,0.7539560978539956,0.21295747601471354,6,Degrading
0.07763424956755444,0.9110353927436007,0.011330357688844937,7,Degrading
0.09439005695582664,0.8802461237787443,0.02536381926542909,8,Degrading
0.069138977945101,0.8939918363253286,0.036869185729570354,9,Degrading
0.09340716998399995,0.878713093858835,0.027879736157165123,10,Degrading
0.04337562103705519,0.8828145764209009,0.07380980254204383,11,Degrading
0.01464380705468096,0.7337581395319526,0.2515980534133664,12,Degrading
0.008118107379588988,0.5285645794848712,0.46331731313553975,13,Degrading
1.591480223638911e-05,0.0075554818526330685,0.9924286033451306,14,Critical
1.775109061246216e-08,4.68651567425137e-05,0.9999531170921669,15,Critical
1.775109061246216e-08,4.68651567425137e-05,0.9999531170921669,16,Critical
1.775109061246216e-08,4.68651567425137e-05,0.9999531170921669,17,Critical
0.9291247233802074,0.07087525315210084,2.3467691853221972e-08,0,Healthy
0.09810934827730462,0.8921737424788528,0.009716909243842546,1,Healthy
0.9171966279557481,0.08280318361006697,1.8843418492011327e-07,2,Healthy
0.19626167740779327,0.8027992976847584,0.0009390249074482074,3,Healthy
0.3580814080252377,0.6416172137067369,0.0003013782680254352,4,Healthy
0.7150940388776925,0.284885409822752,2.0551299555566384e-05,5,Healthy
0.5785288980726373,0.4214080366754112,6.30652519516342e-05,6,Degrading
0.10893828224703588,0.8768807469348361,0.014180970818127945,7,Degrading
0.004085420542543593,0.3306642713361959,0.6652503081212605,8,Degrading
0.18323107519404608,0.8135071395026687,0.0032617853032850487,9,Critical
0.004634451010174214,0.35702066157894274,0.638344887410883,10,Critical
0.9964996418100928,0.003500358183546197,6.3610663228590275e-12,0,Healthy
0.9926075648339677,0.007392435104787496,6.12449483482737e-11,1,Healthy
0.9964996418100928,0.003500358183546197,6.3610663228590275e-12,2,Healthy
0.991934380629436,0.008065619247126978,1.2343705294299067e-10,3,Healthy
0.9657029835433891,0.034297009236502495,7.2201083942741335e-09,4,Healthy
0.9852496179741115,0.014750381299106174,7.267823835897679e-10,5,Degrading
0.9852496179741115,0.014750381299106174,7.267823835897679e-10,6,Degrading
0.88937147294804,0.11062829504082598,2.3201113401358292e-07,7,Degrading
0.9920817002907656,0.007918299651193353,5.804109037052251e-11,8,Degrading
