P(Engine_Core_Health=Healthy),P(Engine_Core_Health=Degrading),P(Engine_Core_Health=Critical),cycle,true
0.9924022167097348,0.007597783236928268,5.333677147593329e-11,0,Healthy
0.8308103730440788,0.16918705964162015,2.567314301021068e-06,1,Healthy
0.8914102923773299,0.10858930625541148,4.0136725856908105e-07,2,Healthy
0.7652085435874163,0.23478686167683693,4.594735746659383e-06,3,Healthy
0.9911199199858506,0.008880079858493093,1.5565631134870458e-10,4,Healthy
0.960350891809523,0.039649098528904345,9.6615727185804e-09,5,Healthy
0.960350891809523,0.039649098528904345,9.6615727185804e-09,6,Healthy
0.9229201689612899,0.07707975431517874,7.672353130990888e-08,7,Healthy
0.9375960491891794,0.06240391334158038,3.746924017656084e-08,8,Healthy
0.9927391227156842,0.007260877239430484,4.4885497366131e-11,9,Healthy
0.9290100759855136,0.07098984424762514,7.976686136772365e-08,10,Degrading
0.517188886859067,0.48274948877855056,6.16243623824797e-05,11,Degrading
0.8579082280786168,0.14209134929313466,4.2262824848184286e-07,12,Degrading
0.4230397839790428,0.5768782321027682,8.198391818900396e-05,13,Degrading
0.23398385177464442,0.7650323359836404,0.0009838122417151532,14,Degrading
0.012803516392691866,0.5368189878849133,0.4503774957223948,15,Degrading
0.28375711430059325,0.7157845717532262,0.000458313946180666,16,Degrading
0.015456808655115338,0.5862339875099967,0.398309203834888,17,Degrading
0.039303501864265684,0.841555349755005,0.11914114838072924,18,Critical
1.939869594834547e-07,0.0002626915327698982,0.9997371144802706,19,Critical
2.047050584494947e-08,4.846969138964485e-05,0.9999515098381045,20,Critical
2.218313082564194e-06,0.0016365523025492904,0.9983612293843682,21,Critical
2.047050584494947e-08,4.846969138964485e-05,0.9999515098381045,22,Critical
0.996092303012172,0.003907696979123362,8.704690627570345e-12,0,Healthy
0.9911199199858506,0.008880079858493093,1.5565631134870458e-10,1,Healthy
0.996092303012172,0.003907696979123362,8.704690627570345e-12,2,Healthy
0.996092303012172,0.003907696979123362,8.704690627570345e-12,3,Healthy
0.996092303012172,0.003907696979123362,8.704690627570345e-12,4,Healthy
0.9804985462020718,0.019501452477997627,1.3199305578735015e-09,5,Healthy
0.979469736952978,0.02053026139142748,1.6555947063275974e-09,6,Healthy
0.9911199199858506,0.008880079858493093,1.5565631134870458e-10,7,Healthy
0.9924022167097348,0.007597783236928268,5.333677147593329e-11,8,Healthy
0.996092303012172,0.003907696979123362,8.704690627570345e-12,9,Healthy
0.996092303012172,0.003907696979123362,8.704690627570345e-12,10,Healthy
0.996092303012172,0.003907696979123362,8.704690627570345e-12,11,Healthy
0.996092303012172,0.003907696979123362,8.704690627570345e-12,12,Healthy
0.9913665397504833,0.008633460175257292,7.425943020556277e-11,13,Healthy
0.9913665397504833,0.008633460175257292,7.425943020556277e-11,14,Healthy
0.9687109983332113,0.031288998336531745,3.3302570522673483e-09,15,Healthy
0.9845378974449299,0.015462102116769669,4.383003770557349e-10,16,Healthy
0.9824044718009545,0.017595527630779383,5.682661750972824e-10,17,Healthy
0.9824044718009545,0.017595527630779383,5.682661750972824e-10,18,Healthy
0.9804985462020718,0.019501452477997627,1.3199305578735015e-09,19,Healthy
0.47978524842871284,0.5200273328587205,0.00018741871256667452,20,Healthy
0.9203136607141194,0.07968618023382282,1.5905205776028368e-07,21,Healthy
0.9026018413665835,0.09739785165375835,3.06979658151054e-07,22,Healthy
0.8362091896938577,0.16379012484836253,6.854577796917807e-07,23,Healthy
0.9400755600936587,0.059924393782273044,4.6124068267598135e-08,24,Degrading
0.9911199199858506,0.008880079858493093,1.5565631134870458e-10,25,Degrading
0.8552160670159024,0.14478353870400631,3.9428009125996084e-07,26,Degrading
0.8763007019843738,0.12369847760731127,8.204083149866747e-07,27,Degrading
0.138618589267039,0.8575727038496517,0.003808706883309299,28,Degrading
0.02724363639855503,0.793930321838348,0.17882604176309694,29,Critical
1.3355704835926518e-07,0.00020530438175457021,0.9997945620611971,30,Critical
5.859823775723594e-05,0.01562168212749472,0.984319719634748,31,Critical
4.318416456410252e-06,0.0022878475130829815,0.9977078340704606,32,Critical
2.8806864269149595e-07,0.0003286539064499639,0.9996710580249073,33,Critical
2.3435090590922825e-07,0.00030230256148190633,0.9996974630876122,34,Critical
4.878550624269848e-06,0.002452249513084926,0.9975428719362908,35,Critical
1.3355704835926518e-07,0.00020530438175457021,0.9997945620611971,36,Critical
2.047050584494947e-08,4.846969138964485e-05,0.9999515098381045,37,Critical
0.9927391227156842,0.007260877239430484,4.4885497366131e-11,0,Healthy
0.992131761272493,0.007868238653403211,7.410374068671517e-11,1,Healthy
0.9911199199858506,0.008880079858493093,1.5565631134870458e-10,2,Healthy
0.9828153574449043,0.017184641605808293,9.492873766471736e-10,3,Healthy
0.9840993419177244,0.015900657163728255,9.185472928275889e-10,4,Healthy
0.9312999954530918,0.06869994700822747,5.7538680778043405e-08,5,Degrading
0.955738129541731,0.044261857089811285,1.336845778538847e-08,6,Degrading
0.8741027663936956,0.1258965253062087,7.083000958032027e-07,7,Degrading
0.49278703318247224,0.5071496382086956,6.332860883210931e-05,8,Critical
0.4058764108919346,0.5936967159930745,0.0004268731149909016,9,Critical
2.760385445769741e-06,0.0016862828288111947,0.998310956785743,10,Critical
2.2550313918612987e-06,0.0015427384659083363,0.9984550065026998,11,Critical
0.7557277536591736,0.24426995669503293,2.2896457935116626e-06,0,Healthy
0.7521662098357798,0.24783050330933726,3.2868548829469556e-06,1,Healthy
0.979469736952978,0.02053026139142748,1.6555947063275974e-09,2,Healthy
0.7700083932632235,0.22998935231485718,2.2544219195230504e-06,3,Healthy
0.9822097594667549,0.017790239214800663,1.318444329830392e-09,4,Healthy
0.6785458665274776,0.3214489219747266,5.2114977958113e-06,5,Healthy
0.5406373679106454,0.4593162155041169,4.641658523772227e-05,6,Healthy
0.768348037161681,0.23164556647245227,6.3963658667353965e-06,7,Healthy
0.47270163508734897,0.5271446865535218,0.00015367835912936213,8,Degrading
0.058121413885153836,0.881879728850802,0.05999885726404417,9,Critical
0.04228404714344203,0.8750975723013347,0.08261838055522332,10,Critical
1.3355704835926518e-07,0.00020530438175457021,0.9997945620611971,11,Critical
0.9911199199858506,0.008880079858493093,1.5565631134870458e-10,0,Healthy
0.9911199199858506,0.008880079858493093,1.5565631134870458e-10,1,Healthy
0.986981869922556,0.013018129812226598,2.65217471396095e-10,2,Healthy
0.996092303012172,0.003907696979123362,8.704690627570345e-12,3,Healthy
0.9911199199858506,0.008880079858493093,1.5565631134870458e-10,4,Healthy
0.9626354441326039,0.03736454789752632,7.969869671232057e-09,5,Healthy
0.996092303012172,0.003907696979123362,8.704690627570345e-12,6,Healthy
0.9911199199858506,0.008880079858493093,1.5565631134870458e-10,7,Healthy
0.9929750200796639,0.0070249798687642235,5.157201852182277e-11,8,Healthy
0.996092303012172,0.003907696979123362,8.704690627570345e-12,9,Healthy
0.9805882520791517,0.01941174664644588,1.2744024706654988e-09,10,Healthy
0.9664326245956724,0.03356736804023566,7.364091872803448e-09,11,Healthy
0.996092303012172,0.003907696979123362,8.704690627570345e-12,12,Healthy
0.9822097594667549,0.017790239214800663,1.318444329830392e-09,13,Healthy
0.9911199199858506,0.008880079858493093,1.5565631134870458e-10,14,Healthy
0.9929750200796639,0.0070249798687642235,5.157201852182277e-11,15,Healthy
0.9840993419177244,0.015900657163728255,9.185472928275889e-10,16,Healthy
0.9911199199858506,0.008880079858493093,1.5565631134870458e-10,17,Healthy
0.9845378974449299,0.015462102116769669,4.383003770557349e-10,18,Healthy
0.9863814909540612,0.013618508730869446,3.150692092526762e-10,19,Healthy
0.9840993419177244,0.015900657163728255,9.185472928275889e-10,20,Healthy
0.9804985462020718,0.019501452477997627,1.3199305578735015e-09,21,Healthy
0.5775461844773628,0.4224321825087345,2.1633013902853174e-05,22,Degrading
0.4186980827168996,0.5811455755964454,0.00015634168665492297,23,Degrading
0.227102374650976,0.7705097184936723,0.0023879068553516025,24,Degrading
0.3360853353788058,0.6634793903615176,0.0004352742596766844,25,Degrading
0.019297420496197606,0.6394754893903231,0.34122709011347924,26,Critical
0.2762256188193519,0.7229182891892941,0.00085609199135383,27,Critical
0.04213490062920131,0.8089489509016425,0.14891614846915627,28,Critical
0.00034159331502978986,0.06134564288354611,0.9383127638014241,29,Critical
2.047050584494947e-08,4.846969138964485e-05,0.9999515098381045,30,Critical
2.047050584494947e-08,4.846969138964485e-05,0.9999515098381045,31,Critical
1.3355704835926518e-07,0.00020530438175457021,0.9997945620611971,32,Critical
0.051367417782309605,0.8548650611512347,0.09376752106645561,0,Healthy
0.14703141844286935,0.8484147679820783,0.004553813575052405,1,Healthy
0.5271421341576141,0.4728186018711416,3.926397124429577e-05,2,Healthy
0.08963089153093269,0.8602444002855839,0.05012470818348334,3,Healthy
0.13814162288538126,0.8563920093415172,0.005466367773101713,4,Healthy
8.657631221867677e-05,0.018665509187366782,0.9812479145004146,5,Degrading
0.001350781459410844,0.13466272923559972,0.8639864893049893,6,Degrading
0.0011924872023685584,0.12702125572183265,0.8717862570757988,7,Degrading
0.0007559789888329289,0.09710779628987892,0.9021362247212881,8,Degrading
4.007699527162441e-06,0.0021567409016651842,0.9978392513988076,9,Critical
3.473061570230296e-07,0.0003623140628209635,0.999637338631022,10,Critical
2.047050584494947e-08,4.846969138964485e-05,0.9999515098381045,11,Critical
2.047050584494947e-08,4.846969138964485e-05,0.9999515098381045,12,Critical
2.047050584494947e-08,4.846969138964485e-05,0.9999515098381045,13,Critical
0.9911199199858506,0.008880079858493093,1.5565631134870458e-10,0,Healthy
0.9828153574449043,0.017184641605808293,9.492873766471736e-10,1,Healthy
0.9638085010647719,0.036191495260943916,3.6742841520479217e-09,2,Healthy
0.9822097594667549,0.017790239214800663,1.318444329830392e-09,3,Healthy
0.996092303012172,0.003907696979123362,8.704690627570345e-12,4,Healthy
0.9846093141160303,0.015390685460795651,4.231741549749589e-10,5,Healthy
0.9689032087426841,0.03109678054077621,1.0716539729426343e-08,6,Healthy
0.992131761272493,0.007868238653403211,7.410374068671517e-11,7,Healthy
0.9911199199858506,0.008880079858493093,1.5565631134870458e-10,8,Healthy
0.996092303012172,0.003907696979123362,8.704690627570345e-12,9,Healthy
0.996092303012172,0.003907696979123362,8.704690627570345e-12,10,Healthy
0.979469736952978,0.02053026139142748,1.6555947063275974e-09,11,Healthy
0.49904697520444646,0.500764514636566,0.00018851015898752336,12,Healthy
0.9196546502549675,0.08034525574505079,9.399998186955635e-08,13,Healthy
0.9840993419177244,0.015900657163728255,9.185472928275889e-10,14,Healthy
0.9607020267549196,0.03929796325803671,9.987043832846405e-09,15,Healthy
0.9425985662951198,0.05740139479825814,3.8906621981206805e-08,16,Healthy
0.5928761906982914,0.40706570703147127,5.8102270237283404e-05,17,Healthy
0.7347857589613576,0.26520707263471854,7.168403923833999e-06,18,Healthy
0.7569797944691294,0.24301790202750104,2.3035033695009953e-06,19,Degrading
0.5694114948963872,0.43056993768032226,1.8567423290461317e-05,20,Degrading
0.02193229478016606,0.7671776743855677,0.21089003083426625,21,Degrading
0.11830604647846484,0.8628853896650605,0.018808563856474805,22,Degrading
0.369657359684348,0.6301371710929725,0.00020546922267956655,23,Degrading
0.21859580963824524,0.7802886891937807,0.0011155011679742418,24,Degrading
0.1063186482051106,0.8878420607735992,0.005839291021290088,25,Degrading
0.009178239109570831,0.504009981202927,0.4868117796875021,26,Degrading
2.047050584494947e-08,4.846969138964485e-05,0.9999515098381045,27,Critical
2.047050584494947e-08,4.846969138964485e-05,0.9999515098381045,28,Critical
2.047050584494947e-08,4.846969138964485e-05,0.9999515098381045,29,Critical
2.047050584494947e-08,4.846969138964485e-05,0.9999515098381045,30,Critical
2.047050584494947e-08,4.846969138964485e-05,0.9999515098381045,31,Critical
0.2357983247278477,0.7633128959291028,0.0008887793430495465,0,Healthy
0.05581124669399275,0.8746899078878976,0.06949884541810977,1,Healthy
0.06667325945944794,0.8905438240476927,0.042782916492859396,2,Healthy
0.16058832660179428,0.8348540788839267,0.004557594514279119,3,Healthy
0.25352825356755676,0.745191448652988,0.0012802977794551646,4,Degrading
0.19877539859477278,0.8000192032610957,0.0012053981441316707,5,Degrading
0.03895373123657046,0.8425152747406868,0.11853099402274281,6,Degrading
0.03715574656016511,0.8487076355753589,0.11413661786447597,7,Critical
0.0007747717489702688,0.10164091580418115,0.8975843124468486,8,Critical
0.000489834496646588,0.07671646399070206,0.9227937015126514,9,Critical
6.576002321276067e-06,0.0030280391491949864,0.9969653848484837,10,Critical
1.944543480382264e-05,0.006433343783069729,0.9935472107821264,11,Critical
2.047050584494947e-08,4.846969138964485e-05,0.9999515098381045,12,Critical
2.047050584494947e-08,4.846969138964485e-05,0.9999515098381045,13,Critical
2.047050584494947e-08,4.846969138964485e-05,0.9999515098381045,14,Critical
0.9911199199858506,0.008880079858493093,1.5565631134870458e-10,0,Healthy
0.9804985462020718,0.019501452477997627,1.3199305578735015e-09,1,Healthy
0.9911199199858506,0.008880079858493093,1.5565631134870458e-10,2,Healthy
0.996092303012172,0.003907696979123362,8.704690627570345e-12,3,Healthy
0.9911199199858506,0.008880079858493093,1.5565631134870458e-10,4,Healthy
0.9911199199858506,0.008880079858493093,1.5565631134870458e-10,5,Healthy
0.9804985462020718,0.019501452477997627,1.3199305578735015e-09,6,Degrading
0.965530921337439,0.03446907120480525,7.457755757091104e-09,7,Degrading
0.990905759347965,0.009094240558836642,9.319842783992894e-11,8,Degrading
0.9858997629910374,0.014100236571313977,4.3764864780208487e-10,9,Degrading
0.9845378974449299,0.015462102116769669,4.383003770557349e-10,10,Degrading
0.9265703443058382,0.07342959434848445,6.134567720080468e-08,11,Degrading
0.9861418558538606,0.01385814353922581,6.06913507345712e-10,12,Degrading
0.9312999954530918,0.06869994700822747,5.7538680778043405e-08,13,Degrading
0.9465428150850461,0.05345715407165119,3.084330269076821e-08,14,Degrading
0.34238007244988117,0.657336439287543,0.0002834882625757024,15,Critical
0.06695131781179636,0.8713555124990718,0.06169316968913161,16,Critical
0.01944733448076105,0.6379805590886113,0.3425721064306277,17,Critical
4.104701050940159e-05,0.011643993697214501,0.9883149592922761,18,Critical
0.9913665397504833,0.008633460175257292,7.425943020556277e-11,0,Healthy
0.9444763533980831,0.05552361855041888,2.8051498076927632e-08,1,Healthy
0.9804985462020718,0.019501452477997627,1.3199305578735015e-09,2,Healthy
0.9911199199858506,0.008880079858493093,1.5565631134870458e-10,3,Healthy
0.9858997629910374,0.014100236571313977,4.3764864780208487e-10,4,Healthy
0.996092303012172,0.003907696979123362,8.704690627570345e-12,5,Healthy
0.9929750200796639,0.0070249798687642235,5.157201852182277e-11,6,Healthy
0.9618288287756145,0.03817115545757157,1.5766813859267383e-08,7,Degrading
0.9375960491891794,0.06240391334158038,3.746924017656084e-08,8,Degrading
0.979469736952978,0.02053026139142748,1.6555947063275974e-09,9,Degrading
0.8579082280786168,0.14209134929313466,4.2262824848184286e-07,10,Degrading
0.9381739187790806,0.06182604114870918,4.007221025683686e-08,11,Degrading
5.882734167784266e-05,0.015525485252390012,0.9844156874059322,12,Critical
0.038476189681740644,0.8379161632978901,0.1236076470203693,13,Critical
0.027481099368510897,0.7928191548228647,0.17969974580862455,14,Critical
2.1228997788115986e-05,0.008306174802647628,0.9916725961995643,15,Critical
3.5136924791602373e-06,0.002104741090674069,0.9978917452168468,16,Critical
3.0738662518859955e-07,0.00033797640889932144,0.9996617162044754,17,Critical
2.2550313918612987e-06,0.0015427384659083363,0.9984550065026998,18,Critical
0.9911199199858506,0.008880079858493093,1.5565631134870458e-10,0,Healthy
0.9828153574449043,0.017184641605808293,9.492873766471736e-10,1,Healthy
0.9840232418184142,0.015976757800221713,3.81364146054029e-10,2,Healthy
0.9707571653340652,0.029242829977905237,4.688029472368155e-09,3,Healthy
0.9911199199858506,0.008880079858493093,1.5565631134870458e-10,4,Healthy
0.9827792747483809,0.01722072464417524,6.074438742694545e-10,5,Healthy
0.9929750200796639,0.0070249798687642235,5.157201852182277e-11,6,Healthy
0.9911199199858506,0.008880079858493093,1.5565631134870458e-10,7,Healthy
0.9840993419177244,0.015900657163728255,9.185472928275889e-10,8,Healthy
0.9683696297745843,0.031630362500019514,7.725396219523481e-09,9,Healthy
0.9673346701785271,0.032665323103295604,6.7181771835620125e-09,10,Healthy
0.8328948903301061,0.16710449551002393,6.141598699191824e-07,11,Healthy
0.9531446679488172,0.046855316164868224,1.588631453513812e-08,12,Healthy
0.9210137314264902,0.07898620547270968,6.310080003849486e-08,13,Degrading
0.9805882520791517,0.01941174664644588,1.2744024706654988e-09,14,Degrading
0.6357133047383361,0.3642472024967561,3.9492764907784716e-05,15,Degrading
0.7107823212409621,0.28918786205678243,2.981670225540469e-05,16,Degrading
0.260234013867927,0.7383714037289277,0.0013945824031453607,17,Degrading
0.7344415389142608,0.26555513187736407,3.329208375078801e-06,18,Degrading
0.23313502248296775,0.7658496221549825,0.0010153553620496415,19,Degrading
0.04997522037465606,0.9127433547190578,0.03728142490628615,20,Degrading
0.00017173197726114638,0.030411334839487287,0.9694169331832515,21,Critical
2.047050584494947e-08,4.846969138964485e-05,0.9999515098381045,22,Critical
6.907572817889723e-07,0.0005695399802951289,0.999429769262423,23,Critical
0.3089621392182719,0.6901436021895222,0.0008942585922058015,0,Healthy
0.37368173291843254,0.6260627952846816,0.00025547179688584833,1,Healthy
0.04680848298052312,0.8361939023916978,0.116997614627779,2,Healthy
0.08879399332646988,0.8556596475996472,0.05554635907388285,3,Healthy
0.8080917184705441,0.19190666769225026,1.613837205685255e-06,4,Degrading
0.006442008024721189,0.4050112025245035,0.5885467894507752,5,Degrading
0.14261970879734154,0.8520914466821657,0.005288844520492857,6,Degrading
0.0003472258821099883,0.05845286059622316,0.9411999135216668,7,Degrading
0.005212858318275378,0.3515665432769669,0.6432205984047578,8,Degrading
0.0471316805110294,0.7948829220229376,0.15798539746603282,9,Degrading
6.347034750223759e-06,0.002773330188847171,0.9972203227764026,10,Degrading
3.293032586553977e-06,0.002046785592312894,0.9979499213751005,11,Critical
2.72647468512371e-06,0.0017790007890680795,0.9982182727362467,12,Critical
2.3435090590922825e-07,0.00030230256148190633,0.9996974630876122,13,Critical
2.047050584494947e-08,4.846969138964485e-05,0.9999515098381045,14,Critical
2.047050584494947e-08,4.846969138964485e-05,0.9999515098381045,15,Critical
2.047050584494947e-08,4.846969138964485e-05,0.9999515098381045,16,Critical
2.047050584494947e-08,4.846969138964485e-05,0.9999515098381045,17,Critical
0.11362100056229886,0.8770065622879539,0.009372437149747243,0,Healthy
0.4648051734489238,0.5349779654009409,0.00021686115013531604,1,Healthy
0.8480028001518001,0.15199691204977914,2.8779842087407104e-07,2,Healthy
0.07029249331949372,0.9025209467198757,0.027186559960630508,3,Healthy
0.7220982906078848,0.27789786402226474,3.84536985045278e-06,4,Degrading
0.7220982906078848,0.27789786402226474,3.84536985045278e-06,5,Degrading
0.7353576760736558,0.26463910583648864,3.2180898554917775e-06,6,Degrading
0.14130354326955433,0.8498793672733354,0.00881708945711041,7,Degrading
0.131168098291219,0.865129183873807,0.003702717834974076,8,Degrading
0.3891358769616936,0.6106855088663075,0.00017861417199888276,9,Degrading
0.08704801321761711,0.8987706357813756,0.014181351001007387,10,Degrading
0.000285055728390553,0.053740596190910934,0.9459743480806986,11,Critical
0.0003204171026640534,0.04607169356657139,0.9536078893307645,12,Critical
3.473061570230296e-07,0.0003623140628209635,0.999637338631022,13,Critical
2.047050584494947e-08,4.846969138964485e-05,0.9999515098381045,14,Critical
1.3355704835926518e-07,0.00020530438175457021,0.9997945620611971,15,Critical
0.5710764118250841,0.42890488474468114,1.8703430234901562e-05,0,Healthy
0.23313502248296775,0.7658496221549825,0.0010153553620496415,1,Healthy
0.09310603342052635,0.894782529366991,0.012111437212482649,2,Healthy
0.4421395400302026,0.5576891934619642,0.00017126650783313852,3,Healthy
0.11918004680714071,0.8742557936380678,0.006564159554791497,4,Degrading
0.009226671420007037,0.4764482982399895,0.5143250303400035,5,Degrading
0.000285055728390553,0.053740596190910934,0.9459743480806986,6,Degrading
2.3435090590922825e-07,0.00030230256148190633,0.9996974630876122,7,Critical
2.047050584494947e-08,4.846969138964485e-05,0.9999515098381045,8,Critical
2.047050584494947e-08,4.846969138964485e-05,0.9999515098381045,9,Critical
2.3435090590922825e-07,0.00030230256148190633,0.9996974630876122,10,Critical
2.047050584494947e-08,4.846969138964485e-05,0.9999515098381045,11,Critical
2.047050584494947e-08,4.846969138964485e-05,0.9999515098381045,12,Critical
0.996092303012172,0.003907696979123362,8.704690627570345e-12,0,Healthy
0.9911199199858506,0.008880079858493093,1.5565631134870458e-10,1,Healthy
0.996092303012172,0.003907696979123362,8.704690627570345e-12,2,Healthy
0.9828153574449043,0.017184641605808293,9.492873766471736e-10,3,Healthy
0.9863814909540612,0.013618508730869446,3.150692092526762e-10,4,Healthy
0.9707571653340652,0.029242829977905237,4.688029472368155e-09,5,Healthy
0.9911199199858506,0.008880079858493093,1.5565631134870458e-10,6,Healthy
0.9911199199858506,0.008880079858493093,1.5565631134870458e-10,7,Healthy
0.9074217241185886,0.09257806298774568,2.1289366570212033e-07,8,Healthy
0.996092303012172,0.003907696979123362,8.704690627570345e-12,9,Healthy
0.9861418558538606,0.01385814353922581,6.06913507345712e-10,10,Healthy
0.9924022167097348,0.007597783236928268,5.333677147593329e-11,11,Healthy
0.8507963234712101,0.14920313141598782,5.451128020488049e-07,12,Degrading
0.7395772887719689,0.26041864339611853,4.067831912474995e-06,13,Degrading
0.7504359040652328,0.24956092235112473,3.1735836423932373e-06,14,Degrading
0.9096057613481005,0.09039410907291896,1.2957898051917286e-07,15,Critical
2.3435090590922825e-07,0.00030230256148190633,0.9996974630876122,16,Critical
2.047050584494947e-08,4.846969138964485e-05,0.9999515098381045,17,Critical
0.08674649567379383,0.8788753537975715,0.03437815052863459,0,Healthy
0.006792796592506703,0.36185893499792604,0.6313482684095673,1,Healthy
0.048753179752447244,0.8306422889234485,0.12060453132410424,2,Healthy
0.0471439212682396,0.8848181831369136,0.06803789559484673,3,Healthy
0.02934014331780798,0.8127164192658873,0.15794343741630462,4,Healthy
0.2378157530204944,0.7609449263781736,0.0012393206013320863,5,Healthy
0.004699026793797706,0.29432066771473797,0.7009803054914643,6,Healthy
0.0015134330847705684,0.15662936365969907,0.8418572032555304,7,Degrading
0.008445290157421296,0.45963597451368665,0.531918735328892,8,Degrading
0.00021450014572433224,0.03905327726994938,0.9607322225843263,9,Degrading
0.0001311346709739329,0.02457283503493372,0.9752960302940923,10,Degrading
3.7251900213782315e-05,0.012108393004859863,0.9878543550949264,11,Degrading
4.878550624269848e-06,0.002452249513084926,0.9975428719362908,12,Degrading
7.170044812117652e-06,0.002972513674775195,0.9970203162804128,13,Critical
2.3435090590922825e-07,0.00030230256148190633,0.9996974630876122,14,Critical
2.8806864269149595e-07,0.0003286539064499639,0.9996710580249073,15,Critical
2.047050584494947e-08,4.846969138964485e-05,0.9999515098381045,16,Critical
2.047050584494947e-08,4.846969138964485e-05,0.9999515098381045,17,Critical
2.047050584494947e-08,4.846969138964485e-05,0.9999515098381045,18,Critical
0.9626354441326039,0.03736454789752632,7.969869671232057e-09,0,Healthy
0.9911199199858506,0.008880079858493093,1.5565631134870458e-10,1,Healthy
0.9911199199858506,0.008880079858493093,1.5565631134870458e-10,2,Healthy
0.9911199199858506,0.008880079858493093,1.5565631134870458e-10,3,Healthy
0.9236228665485902,0.07637705138603687,8.206537294963597e-08,4,Healthy
0.9822097594667549,0.017790239214800663,1.318444329830392e-09,5,Healthy
0.9804985462020718,0.019501452477997627,1.3199305578735015e-09,6,Healthy
0.9828153574449043,0.017184641605808293,9.492873766471736e-10,7,Healthy
0.9702625791939294,0.029737418149545326,2.6565251402227978e-09,8,Healthy
0.9275589736922428,0.07244096294067434,6.33670828067074e-08,9,Healthy
0.9290100759855136,0.07098984424762514,7.976686136772365e-08,10,Healthy
0.9669348444076992,0.033065151916663836,3.675637046929347e-09,11,Degrading
0.8968835528704443,0.1031163422935012,1.0483605455425135e-07,12,Degrading
0.9667841803928354,0.033215815800460124,3.8067044102196765e-09,13,Degrading
0.533507035939261,0.46640534762539904,8.76164353400261e-05,14,Degrading
0.43042161592817524,0.5694468496459073,0.00013153442591758445,15,Degrading
0.27168914419102747,0.7273198865375274,0.0009909692714451536,16,Degrading
0.8443289519707413,0.1556699164070677,1.1316221910414483e-06,17,Degrading
0.09455224029865064,0.8926716267928478,0.01277613290850149,18,Degrading
0.02643913711975815,0.7388352399113155,0.23472562296892627,19,Degrading
0.04757330974837382,0.8747209516553509,0.0777057385962752,20,Critical
0.017092916217564213,0.7393167188184555,0.2435903649639803,21,Critical
7.193303246522375e-05,0.0169605226846322,0.9829675442829027,22,Critical
0.0015134330847705684,0.15662936365969907,0.8418572032555304,23,Critical
1.3355704835926518e-07,0.00020530438175457021,0.9997945620611971,24,Critical
2.047050584494947e-08,4.846969138964485e-05,0.9999515098381045,25,Critical
0.9911199199858506,0.008880079858493093,1.5565631134870458e-10,0,Healthy
0.990905759347965,0.009094240558836642,9.319842783992894e-11,1,Healthy
0.9804985462020718,0.019501452477997627,1.3199305578735015e-09,2,Healthy
0.9911199199858506,0.008880079858493093,1.5565631134870458e-10,3,Healthy
0.9831771894721615,0.01682281004940106,4.784374599442451e-10,4,Healthy
0.9305700470772703,0.06942989944128157,5.348144818631376e-08,5,Healthy
0.996092303012172,0.003907696979123362,8.704690627570345e-12,6,Healthy
0.9911199199858506,0.008880079858493093,1.5565631134870458e-10,7,Healthy
0.9828153574449043,0.017184641605808293,9.492873766471736e-10,8,Healthy
0.9840993419177244,0.015900657163728255,9.185472928275889e-10,9,Healthy
0.9911199199858506,0.008880079858493093,1.5565631134870458e-10,10,Degrading
0.9694316986414574,0.030568295793544364,5.564998330145476e-09,11,Degrading
0.7618160722195806,0.23818127648596304,2.651294456377165e-06,12,Degrading
0.9323929860533469,0.06760695018755009,6.37591031677283e-08,13,Degrading
0.7176346866954162,0.2823573877373471,7.925567236730356e-06,14,Degrading
0.9593493704293643,0.04065061571084018,1.3859795554030803e-08,15,Degrading
0.8635308873410047,0.13646864389651753,4.6876247780909377e-07,16,Degrading
0.38291072419252636,0.6166627288076137,0.00042654699985983157,17,Critical
0.23130954907583148,0.7654389861157889,0.003251464808379615,18,Critical
0.37366691040338584,0.6261032075980522,0.0002298819985620299,19,Critical
0.5057672557701955,0.49416110975899397,7.16344708104859e-05,20,Critical
0.029411623294932316,0.8274146966641153,0.14317368004095232,0,Healthy
0.060804565326495606,0.8865722024326316,0.052623232240872814,1,Healthy
0.2730187193846585,0.7262862222814992,0.0006950583338424075,2,Healthy
0.03054352387175626,0.815369668754524,0.1540868073737198,3,Healthy
0.057308000892099156,0.90984221385992,0.03284978524798093,4,Degrading
0.17509198622314176,0.8234448271218435,0.001463186655014749,5,Degrading
0.0036105680741453567,0.24140279886736846,0.7549866330584862,6,Degrading
0.0004877397947108177,0.07716221444596638,0.9223500457593228,7,Degrading
2.325150571984745e-05,0.0068343373896923455,0.9931424111045878,8,Degrading
2.218313082564194e-06,0.0016365523025492904,0.9983612293843682,9,Critical
3.286648204776481e-06,0.001960910571176443,0.9980358027806188,10,Critical
3.473061570230296e-07,0.0003623140628209635,0.999637338631022,11,Critical
2.047050584494947e-08,4.846969138964485e-05,0.9999515098381045,12,Critical
2.047050584494947e-08,4.846969138964485e-05,0.9999515098381045,13,Critical
0.5264061199401936,0.47353509984820963,5.878021159676239e-05,0,Healthy
0.7055650685855915,0.2944287244572885,6.206957120038778e-06,1,Healthy
0.38197498602907604,0.6178559218129799,0.00016909215794405283,2,Healthy
0.00957770143168902,0.4630394968937439,0.5273828016745671,3,Healthy
0.1867784594845519,0.811713208116554,0.001508332398894033,4,Healthy
0.001253918802683576,0.09729471360599248,0.9014513675913239,5,Healthy
0.5392693117298817,0.4607060726315725,2.4615638545925246e-05,6,Healthy
0.12499208180826887,0.8681885846252629,0.006819333566468123,7,Healthy
0.08833269112451801,0.8795621798621497,0.032105129013332255,8,Degrading
0.0007117954389395908,0.09106871539962362,0.9082194891614369,9,Degrading
0.09507310917280126,0.8854378240885402,0.01948906673865861,10,Degrading
0.02404362764389215,0.701007561242813,0.2749488111132947,11,Degrading
0.0014426810541311747,0.13728968450283752,0.8612676344430313,12,Degrading
2.134652661802622e-05,0.008613769939071134,0.991364883534311,13,Degrading
0.0006974927497677681,0.07438640672617208,0.92491610052406,14,Degrading
0.018933883706110887,0.7564169402174291,0.22464917607646007,15,Degrading
2.0036222965811296e-06,0.001430233684821411,0.9985677626928819,16,Critical
2.047050584494947e-08,4.846969138964485e-05,0.9999515098381045,17,Critical
5.948551763534294e-06,0.002697014865962955,0.9972970365822735,18,Critical
2.047050584494947e-08,4.846969138964485e-05,0.9999515098381045,19,Critical
2.047050584494947e-08,4.846969138964485e-05,0.9999515098381045,20,Critical
2.047050584494947e-08,4.846969138964485e-05,0.9999515098381045,21,Critical
0.12455346596489483,0.8712397258118401,0.004206808223265133,0,Healthy
0.9341666062952684,0.06583334515056051,4.855417109719569e-08,1,Healthy
0.7873223282466268,0.21267438005711903,3.291696254120644e-06,2,Healthy
0.9257416025546487,0.07425827655272811,1.2089262322221338e-07,3,Healthy
0.9020786037167896,0.0979210903314221,3.059517882532904e-07,4,Healthy
0.033659955360465676,0.8181309858594286,0.1482090587801057,5,Healthy
0.6948151779077074,0.30517592611404065,8.895978251848908e-06,6,Healthy
0.4102000053146102,0.5894165481857394,0.0003834464996502811,7,Healthy
0.22868583055018732,0.7707654543392523,0.000548715110560429,8,Healthy
0.2576383371264876,0.7416829243354931,0.0006787385380192242,9,Degrading
0.07618966993604928,0.8974198698671817,0.026390460196768974,10,Degrading
0.12229722394106432,0.8686138566685658,0.009088919390369935,11,Degrading
0.08356437799315512,0.8822134570732109,0.034222164933634044,12,Degrading
0.3277001258440931,0.6715386630017619,0.0007612111541449616,13,Degrading
0.08054795464044126,0.900508953693287,0.018943091666271703,14,Degrading
0.13615171604623053,0.8524067810925755,0.011441502861194013,15,Degrading
0.0005456375242602235,0.08125627145594644,0.9181980910197933,16,Critical
3.0738662518859955e-07,0.00033797640889932144,0.9996617162044754,17,Critical
1.3355704835926518e-07,0.00020530438175457021,0.9997945620611971,18,Critical
1.7689195182025025e-05,0.00749328879871585,0.9924890220061021,19,Critical
2.047050584494947e-08,4.846969138964485e-05,0.9999515098381045,20,Critical
2.047050584494947e-08,4.846969138964485e-05,0.9999515098381045,21,Critical
0.17509198622314176,0.8234448271218435,0.001463186655014749,0,Healthy
0.006598636311838548,0.32676743565480193,0.6666339280333595,1,Healthy
0.008048982110590106,0.43133327853925296,0.5606177393501569,2,Healthy
0.08254453088007135,0.8779342621908774,0.0395212069290512,3,Healthy
0.020611054967654197,0.7572954536256175,0.2220934914067283,4,Healthy
0.005673352887801739,0.31642562711121536,0.6779010200009828,5,Healthy
2.3435090590922825e-07,0.00030230256148190633,0.9996974630876122,6,Healthy
2.4668936657755364e-06,0.001267838406960525,0.9987296946993737,7,Healthy
0.005901965607978101,0.38716302911056244,0.6069350052814594,8,Healthy
0.000708560627093415,0.09152597760356826,0.9077654617693384,9,Healthy
0.036346704173349974,0.8433297522279062,0.12032354359874389,10,Degrading
7.40296290242884e-05,0.01782653169650693,0.9820994386744688,11,Degrading
1.3134441324561343e-05,0.005373202248951347,0.994613663309724,12,Degrading
3.286648204776481e-06,0.001960910571176443,0.9980358027806188,13,Degrading
0.000708560627093415,0.09152597760356826,0.9077654617693384,14,Degrading
2.047050584494947e-08,4.846969138964485e-05,0.9999515098381045,15,Critical
0.20298332389220017,0.7956726640645042,0.0013440120432956127,0,Healthy
0.9141764636946105,0.0858234890939523,4.721143731138668e-08,1,Healthy
0.7040910765022078,0.2959018509002572,7.072597534989173e-06,2,Healthy
0.0539443986648795,0.821833812367628,0.12422178896749259,3,Healthy
0.18215783289797724,0.8159085014768164,0.0019336656252064443,4,Degrading
0.21163911829051932,0.7871206562637585,0.0012402254457221434,5,Degrading
0.026376347980608807,0.7895799065367937,0.1840437454825976,6,Degrading
0.007191734475784298,0.4381150558865246,0.5546932096376912,7,Degrading
0.2576383371264876,0.7416829243354931,0.0006787385380192242,8,Degrading
0.021521855670368586,0.7487579472528753,0.22972019707675617,9,Degrading
3.2741271260305873e-06,0.0019732285324441877,0.9980234973404297,10,Critical
0.9828153574449043,0.017184641605808293,9.492873766471736e-10,0,Healthy
0.856424381304469,0.14357478652724154,8.321682895423347e-07,1,Degrading
0.8696774197264799,0.1303223895881211,1.9068539896960174e-07,2,Degrading
0.9642447331308128,0.03575526015322021,6.715966992177666e-09,3,Degrading
0.9596876138463473,0.04031238067980514,5.473847481181216e-09,4,Degrading
0.2201116696462976,0.7786873986343211,0.001200931719381143,5,Degrading
0.6323050277855414,0.36766962676095644,2.5345453502125364e-05,6,Critical
0.11792416800799267,0.8736051134603624,0.008470718531644956,7,Critical
0.027807624817878712,0.8036965951705533,0.16849578001156798,8,Critical
0.008941065347560851,0.3597604691137796,0.6312984655386595,9,Critical
0.007818077244470322,0.44246136929911833,0.5497205534564112,10,Critical
1.939869594834547e-07,0.0002626915327698982,0.9997371144802706,11,Critical
2.047050584494947e-08,4.846969138964485e-05,0.9999515098381045,12,Critical
2.047050584494947e-08,4.846969138964485e-05,0.9999515098381045,13,Critical
0.38125598571492714,0.6184909977309587,0.00025301655411412877,0,Healthy
0.8895957847385343,0.11040385608965071,3.591718150694636e-07,1,Healthy
0.3553824469935234,0.6443913077471527,0.00022624525932392532,2,Healthy
0.4317388721815311,0.5681325301897768,0.0001285976286920437,3,Healthy
0.5793769803573029,0.42060599700595114,1.7022636745954622e-05,4,Healthy
0.2485420747436448,0.750538832321531,0.0009190929348242276,5,Healthy
0.4938006363803712,0.5061230719904318,7.629162919688435e-05,6,Healthy
0.6658034540254798,0.3341845564506187,1.1989523901452919e-05,7,Healthy
0.029245622362645666,0.8118575486819686,0.15889682895538573,8,Healthy
0.2624253002686862,0.7363198243269287,0.001254875404385077,9,Healthy
0.20973930188613102,0.7883823756460321,0.0018783224678370013,10,Degrading
0.48983662976627274,0.5100507427518827,0.00011262748184458689,11,Degrading
0.44674046539567075,0.5531435409738926,0.00011599363043661872,12,Degrading
0.003851559025090263,0.3010855951440514,0.6950628458308584,13,Degrading
0.004206837095688099,0.28331194833664225,0.7124812145676697,14,Degrading
0.00030496816818540817,0.05485403062915904,0.9448410012026556,15,Degrading
0.0004024461837155984,0.05232563871519111,0.9472719151010932,16,Degrading
1.939869594834547e-07,0.0002626915327698982,0.9997371144802706,17,Critical
1.2647637528012675e-06,0.0011119177808430062,0.9988868174554041,18,Critical
1.3355704835926518e-07,0.00020530438175457021,0.9997945620611971,19,Critical
2.047050584494947e-08,4.846969138964485e-05,0.9999515098381045,20,Critical
2.047050584494947e-08,4.846969138964485e-05,0.9999515098381045,21,Critical
0.7055650685855915,0.2944287244572885,6.206957120038778e-06,0,Healthy
0.4088311367795221,0.5908648909083671,0.0003039723121108712,1,Healthy
0.1260931871187178,0.8670535289195379,0.0068532839617443,2,Healthy
0.2134630373354984,0.7839782964297655,0.002558666234736033,3,Healthy
0.017915595447649556,0.7312514622794475,0.2508329422729031,4,Healthy
0.1808295493781567,0.8161372516016081,0.0030331990202351025,5,Healthy
0.027318856607947365,0.7362027958629174,0.2364783475291353,6,Healthy
0.00196754270568951,0.1744935008915051,0.8235389564028054,7,Healthy
0.1445934601145006,0.8521180735466167,0.003288466338882629,8,Healthy
0.3619790221942279,0.637898835949886,0.00012214185588616837,9,Degrading
0.00013318486643044324,0.024371580279827592,0.9754952348537419,10,Degrading
5.185543500824998e-06,0.0025374880887878517,0.9974573263677112,11,Degrading
0.06034753318516545,0.9090371546837099,0.03061531213112449,12,Degrading
0.05798638883402293,0.8415203464507416,0.10049326471523551,13,Degrading
0.001330788170981367,0.12344451450959026,0.8752246973194283,14,Degrading
0.07379638952968902,0.9025787583774844,0.023624852092826498,15,Degrading
0.008501650476454898,0.4580631988271425,0.5334351506964026,16,Degrading
0.07031744832036742,0.9044814117947149,0.02520113988491773,17,Degrading
2.047050584494947e-08,4.846969138964485e-05,0.9999515098381045,18,Degrading
7.14268386105526e-06,0.0029911672786614384,0.9970016900374775,19,Critical
2.868667851280931e-05,0.010178885908256661,0.9897924274132306,20,Critical
3.4598650896849994e-07,0.00036459369563459514,0.9996350603178564,21,Critical
3.286648204776481e-06,0.001960910571176443,0.9980358027806188,22,Critical
2.047050584494947e-08,4.846969138964485e-05,0.9999515098381045,23,Critical
2.047050584494947e-08,4.846969138964485e-05,0.9999515098381045,24,Critical
2.047050584494947e-08,4.846969138964485e-05,0.9999515098381045,25,Critical
2.047050584494947e-08,4.846969138964485e-05,0.9999515098381045,26,Critical
2.047050584494947e-08,4.846969138964485e-05,0.9999515098381045,27,Critical
0.7471156376754784,0.25287766663161293,6.695692908615873e-06,0,Healthy
0.8290168303367045,0.1709815072693934,1.6623939021462426e-06,1,Healthy
0.8549699855017164,0.14502938525795675,6.292403267513151e-07,2,Healthy
0.510792031674504,0.4891744374815164,3.353084397960681e-05,3,Degrading
0.06624468915983718,0.8919746739090193,0.04178063693114358,4,Degrading
0.7521662098357798,0.24783050330933726,3.2868548829469556e-06,5,Degrading
0.5196005890263188,0.48037486737586127,2.4543597820079212e-05,6,Degrading
0.01576162968068878,0.6014206188140555,0.3828177515052557,7,Degrading
0.22868583055018732,0.7707654543392523,0.000548715110560429,8,Degrading
0.3485106199831618,0.6513486775765271,0.000140702440310934,9,Degrading
0.8691766565527047,0.13082289926114887,4.4418614648967584e-07,10,Degrading
0.138618589267039,0.8575727038496517,0.003808706883309299,11,Critical
2.952920179533594e-05,0.007710802972646208,0.9922596678255584,12,Critical
0.026376347980608807,0.7895799065367937,0.1840437454825976,13,Critical
7.886366363789204e-06,0.003542494649847121,0.996449618983789,14,Critical
1.877759685794806e-06,0.001390825194798061,0.9986072970455161,15,Critical
5.205392646358177e-06,0.0025216565952355056,0.9974731380121181,16,Critical
1.1679973279951644e-05,0.004242986225410907,0.9957453338013091,17,Critical
2.047050584494947e-08,4.846969138964485e-05,0.9999515098381045,18,Critical
1.939869594834547e-07,0.0002626915327698982,0.9997371144802706,19,Critical
2.047050584494947e-08,4.846969138964485e-05,0.9999515098381045,20,Critical
2.047050584494947e-08,4.846969138964485e-05,0.9999515098381045,21,Critical
2.047050584494947e-08,4.846969138964485e-05,0.9999515098381045,22,Critical
2.047050584494947e-08,4.846969138964485e-05,0.9999515098381045,23,Critical
2.047050584494947e-08,4.846969138964485e-05,0.9999515098381045,24,Critical
0.9477465701466655,0.052253378285709494,5.156762502038913e-08,0,Healthy
0.9804985462020718,0.019501452477997627,1.3199305578735015e-09,1,Healthy
