P(Engine_Core_Health=Healthy),P(Engine_Core_Health=Degrading),P(Engine_Core_Health=Critical),cycle,true
0.8451315010585982,0.15486780992568921,6.89015712568009e-07,0,Healthy
0.9843788563942327,0.015621142868684167,7.370832108953512e-10,1,Healthy
0.8005443717246253,0.19945326568370844,2.3625916661613916e-06,2,Healthy
0.875179958063832,0.12481975646084635,2.854753217684067e-07,3,Healthy
0.982960110564876,0.01703988893321043,5.019136062814758e-10,4,Healthy
0.9100513563717024,0.08994850637988597,1.3724841164027223e-07,5,Healthy
0.9747932096165814,0.025206788974114394,1.4093041718651743e-09,6,Healthy
0.7641295712824245,0.2358678280873164,2.6006302590583994e-06,7,Healthy
0.8626652577927303,0.1373344570336763,2.8517359345218003e-07,8,Degrading
0.5596867271192916,0.4402697017418737,4.357113883480995e-05,9,Degrading
0.5627182336816712,0.437261796187375,1.997013095381271e-05,10,Degrading
0.23224055812454084,0.7657904716701087,0.0019689702053503288,11,Critical
5.6303801006104005e-06,0.002664901248341694,0.9973294683715578,12,Critical
0.02289182015498285,0.7255405747061863,0.25156760513883103,13,Critical
2.56491568360082e-06,0.001771421610707097,0.9982260134736094,14,Critical
1.8013079513729876e-07,0.0002593112335641222,0.9997405086356408,15,Critical
3.034983040149905e-06,0.001973508104124989,0.9980234569128349,16,Critical
1.830737203992796e-08,4.5738781002087304e-05,0.9999542429116258,17,Critical
1.830737203992796e-08,4.5738781002087304e-05,0.9999542429116258,18,Critical
0.9918332398112842,0.008166760130126571,5.858915198378229e-11,0,Healthy
0.9963844449231636,0.003615555069356467,7.480057872827084e-12,1,Healthy
0.9963844449231636,0.003615555069356467,7.480057872827084e-12,2,Healthy
0.9918374645213673,0.008162535336267374,1.4236526385599696e-10,3,Healthy
0.9848887352348039,0.015111263936381028,8.288150327181346e-10,4,Healthy
0.9963844449231636,0.003615555069356467,7.480057872827084e-12,5,Healthy
0.9918374645213673,0.008162535336267374,1.4236526385599696e-10,6,Healthy
0.9839483797819593,0.016051619328732305,8.893084774521171e-10,7,Healthy
0.9918374645213673,0.008162535336267374,1.4236526385599696e-10,8,Healthy
0.9928583704716563,0.007141629481410418,4.6933388378471007e-11,9,Healthy
0.9896275348590257,0.01037246488701877,2.5395555847404496e-10,10,Healthy
0.9747932096165814,0.025206788974114394,1.4093041718651743e-09,11,Healthy
0.9016472784089262,0.09835235374837002,3.678427037606422e-07,12,Healthy
0.9201841670615736,0.07981574677685863,8.616156775015617e-08,13,Healthy
0.9148973054430983,0.08510261790837288,7.66485288279339e-08,14,Healthy
0.820044306966472,0.17995484232915962,8.507043682847132e-07,15,Degrading
0.33097538507505186,0.6687479897341412,0.0002766251908068776,16,Degrading
0.33097538507505186,0.6687479897341412,0.0002766251908068776,17,Degrading
0.011518750533446837,0.5504143750115512,0.438066874455002,18,Degrading
0.02323893348628733,0.7931509860937934,0.18361008041991927,19,Critical
1.830737203992796e-08,4.5738781002087304e-05,0.9999542429116258,20,Critical
1.8013079513729876e-07,0.0002593112335641222,0.9997405086356408,21,Critical
1.830737203992796e-08,4.5738781002087304e-05,0.9999542429116258,22,Critical
1.830737203992796e-08,4.5738781002087304e-05,0.9999542429116258,23,Critical
1.830737203992796e-08,4.5738781002087304e-05,0.9999542429116258,24,Critical
0.9918374645213673,0.008162535336267374,1.4236526385599696e-10,0,Healthy
0.9667784538935095,0.03322154299809245,3.1083980417383036e-09,1,Healthy
0.9923500914206221,0.0076499085090296895,7.03481115497658e-11,2,Healthy
0.9923500914206221,0.0076499085090296895,7.03481115497658e-11,3,Healthy
0.8567102801592922,0.14328930137147955,4.1846922825714053e-07,4,Degrading
0.9843708324084189,0.015629167288242256,3.033388273797113e-10,5,Degrading
0.981667897373015,0.018332101518247827,1.1087372828340973e-09,6,Degrading
0.981667897373015,0.018332101518247827,1.1087372828340973e-09,7,Degrading
0.724159917594359,0.2758352088243501,4.873581290882018e-06,8,Degrading
0.11355850620539425,0.8782525755053886,0.00818891828921723,9,Critical
0.37510074855714526,0.6247460335635767,0.00015321787927795636,10,Critical
3.0112343022788423e-05,0.010957598062631994,0.9890122895943453,11,Critical
1.1994334552932805e-07,0.00020004999171049998,0.9997998300649439,12,Critical
0.6879925307891434,0.3120018856827898,5.583528066706708e-06,0,Healthy
0.08618539181268546,0.8904031315406313,0.023411476646683197,1,Healthy
0.5536127371611209,0.4463671697979976,2.0093040881580092e-05,2,Healthy
0.5750471969978984,0.42494379213735023,9.010864751410702e-06,3,Healthy
0.746621289567784,0.2533761981731754,2.512259040695191e-06,4,Degrading
0.9627362835329338,0.0372636944431158,2.2023950493143346e-08,5,Degrading
0.8497293200680056,0.15027026889935366,4.110326407495678e-07,6,Degrading
0.957227684662933,0.04277230324179441,1.2095272704136629e-08,7,Degrading
0.47175240663494994,0.5281662165362114,8.137682883865541e-05,8,Degrading
0.5536127371611209,0.4463671697979976,2.0093040881580092e-05,9,Degrading
0.9373585477848797,0.06264141048149757,4.173362271255057e-08,10,Degrading
0.1057179146548477,0.8900756670748036,0.004206418270348871,11,Degrading
0.3252131635158523,0.6744539827979089,0.00033285368623883375,12,Degrading
0.22015804553602464,0.7789927630633695,0.0008491914006058962,13,Critical
0.04584469639205051,0.8797460923556518,0.07440921125229771,14,Critical
0.00032512435025851017,0.06221148177618275,0.9374633938735587,15,Critical
0.00034131148631442836,0.0621402358157819,0.9375184526979037,16,Critical
1.830737203992796e-08,4.5738781002087304e-05,0.9999542429116258,17,Critical
0.9827137137265026,0.017286285678988045,5.945092151563108e-10,0,Healthy
0.9917879756939493,0.008212024242511556,6.353907708023855e-11,1,Healthy
0.9963844449231636,0.003615555069356467,7.480057872827084e-12,2,Healthy
0.9918374645213673,0.008162535336267374,1.4236526385599696e-10,3,Healthy
0.9923500914206221,0.0076499085090296895,7.03481115497658e-11,4,Healthy
0.9963844449231636,0.003615555069356467,7.480057872827084e-12,5,Healthy
0.9918374645213673,0.008162535336267374,1.4236526385599696e-10,6,Healthy
0.9914396053248279,0.008560394598394043,7.677805810944767e-11,7,Healthy
0.9963844449231636,0.003615555069356467,7.480057872827084e-12,8,Healthy
0.9932803147905955,0.0067196851656867885,4.371764593039026e-11,9,Healthy
0.9963844449231636,0.003615555069356467,7.480057872827084e-12,10,Healthy
0.955543488947067,0.04445649579195479,1.526097823379703e-08,11,Healthy
0.964111346607603,0.035888645956192074,7.436205038160389e-09,12,Healthy
0.9963844449231636,0.003615555069356467,7.480057872827084e-12,13,Healthy
0.9928583704716563,0.007141629481410418,4.6933388378471007e-11,14,Healthy
0.9839483797819593,0.016051619328732305,8.893084774521171e-10,15,Degrading
0.9839483797819593,0.016051619328732305,8.893084774521171e-10,16,Degrading
0.36185626154727074,0.6380426907251873,0.00010104772754194522,17,Degrading
0.8567102801592922,0.14328930137147955,4.1846922825714053e-07,18,Degrading
0.010580356785277334,0.4329433761773981,0.5564762670373246,19,Degrading
0.18054766058814586,0.8184777065986458,0.0009746328132083213,20,Degrading
0.02236801662721864,0.7960316393431034,0.18160034402967795,21,Critical
2.292374127533958e-05,0.00933451841054416,0.9906425578481804,22,Critical
1.830737203992796e-08,4.5738781002087304e-05,0.9999542429116258,23,Critical
1.830737203992796e-08,4.5738781002087304e-05,0.9999542429116258,24,Critical
1.830737203992796e-08,4.5738781002087304e-05,0.9999542429116258,25,Critical
1.830737203992796e-08,4.5738781002087304e-05,0.9999542429116258,26,Critical
0.07735883098206095,0.9095087512116151,0.013132417806323939,0,Healthy
0.05573647499815571,0.8989787718236688,0.04528475317817538,1,Healthy
0.0482267534156212,0.9177363570116948,0.03403688957268405,2,Healthy
0.31385643775782956,0.6855041542301411,0.0006394080120294156,3,Healthy
0.04016192286096618,0.8583878310937542,0.10145024604527962,4,Healthy
0.036612349689010205,0.8542940529704194,0.10909359734057053,5,Healthy
0.15572074144004344,0.8362161688669597,0.008063089692996798,6,Healthy
0.37867663437266647,0.6210257198647996,0.0002976457625340745,7,Healthy
0.1115986793386033,0.8846494175683354,0.0037519030930614305,8,Healthy
0.01201713954391264,0.5482585045472321,0.4397243559088554,9,Healthy
1.3693568285853814e-06,0.0012344507550508862,0.9987641798881205,10,Degrading
2.610077556905665e-07,0.0003128437415801709,0.9996868952506641,11,Degrading
0.0007176488413486664,0.0965139716225273,0.902768379536124,12,Degrading
5.213344187772905e-05,0.014942857185068001,0.9850050093730542,13,Degrading
2.61871005574051e-07,0.000322630931381476,0.9996771071976129,14,Degrading
1.8013079513729876e-07,0.0002593112335641222,0.9997405086356408,15,Critical
3.5238327279690835e-06,0.002149403255535214,0.9978470729117369,16,Critical
2.61871005574051e-07,0.000322630931381476,0.9996771071976129,17,Critical
3.034983040149905e-06,0.001973508104124989,0.9980234569128349,18,Critical
1.8013079513729876e-07,0.0002593112335641222,0.9997405086356408,19,Critical
1.830737203992796e-08,4.5738781002087304e-05,0.9999542429116258,20,Critical
1.830737203992796e-08,4.5738781002087304e-05,0.9999542429116258,21,Critical
1.830737203992796e-08,4.5738781002087304e-05,0.9999542429116258,22,Critical
1.830737203992796e-08,4.5738781002087304e-05,0.9999542429116258,23,Critical
1.830737203992796e-08,4.5738781002087304e-05,0.9999542429116258,24,Critical
0.9932803147905955,0.0067196851656867885,4.371764593039026e-11,0,Healthy
0.9841575905141684,0.015842409039001363,4.4683010620835485e-10,1,Healthy
0.9918374645213673,0.008162535336267374,1.4236526385599696e-10,2,Healthy
0.964777485008801,0.03522250661609038,8.375108651171373e-09,3,Healthy
0.9928583704716563,0.007141629481410418,4.6933388378471007e-11,4,Healthy
0.9963844449231636,0.003615555069356467,7.480057872827084e-12,5,Healthy
0.9839483797819593,0.016051619328732305,8.893084774521171e-10,6,Healthy
0.9828169395575915,0.01718305911028135,1.3321271271464391e-09,7,Healthy
0.9923500914206221,0.0076499085090296895,7.03481115497658e-11,8,Healthy
0.9277001602517607,0.07229978271831376,5.702992557886307e-08,9,Healthy
0.9133026295000878,0.08669726152547567,1.0897443660059558e-07,10,Healthy
0.9467271265807795,0.053272816086515455,5.7332705084679144e-08,11,Healthy
0.846003779204156,0.15399573525090607,4.855449377858838e-07,12,Degrading
0.17212533405685213,0.8249664260254365,0.0029082399177114207,13,Degrading
0.00032556865427278903,0.06403363552559255,0.9356407958201346,14,Degrading
0.1318241351108276,0.8618188580542582,0.0063570068349141015,15,Degrading
0.005454893637622146,0.3839218073237837,0.6106232990385941,16,Critical
4.9913177961349075e-05,0.014443724081771504,0.9855063627402672,17,Critical
1.830737203992796e-08,4.5738781002087304e-05,0.9999542429116258,18,Critical
4.634736610877418e-06,0.0025263416068203467,0.9974690236565689,19,Critical
1.830737203992796e-08,4.5738781002087304e-05,0.9999542429116258,20,Critical
1.830737203992796e-08,4.5738781002087304e-05,0.9999542429116258,21,Critical
1.8013079513729876e-07,0.0002593112335641222,0.9997405086356408,22,Critical
0.3681026953974843,0.6317354107745955,0.00016189382792026916,0,Healthy
0.06512908545996422,0.893429846905034,0.04144106763500183,1,Healthy
0.12812800991828788,0.8651171806407257,0.0067548094409865846,2,Healthy
0.06386112497424479,0.903924739502864,0.03221413552289124,3,Healthy
0.016669600445094742,0.5394815945066451,0.44384880504826013,4,Degrading
0.029638510332969863,0.7786811973345072,0.19168029233252296,5,Degrading
0.0003858737749736485,0.04979909571406517,0.9498150305109612,6,Degrading
0.024411603293817367,0.8092174810271319,0.1663709156790508,7,Degrading
0.00045718783246801234,0.0770881366243408,0.9224546755431912,8,Degrading
0.009301617955436577,0.49585825732302197,0.4948401247215415,9,Degrading
0.0027347393015143312,0.19221625680450563,0.80504900389398,10,Degrading
3.034983040149905e-06,0.001973508104124989,0.9980234569128349,11,Critical
3.088937855802442e-07,0.00034859169035777733,0.9996510994158566,12,Critical
1.830737203992796e-08,4.5738781002087304e-05,0.9999542429116258,13,Critical
1.830737203992796e-08,4.5738781002087304e-05,0.9999542429116258,14,Critical
1.830737203992796e-08,4.5738781002087304e-05,0.9999542429116258,15,Critical
0.9963844449231636,0.003615555069356467,7.480057872827084e-12,0,Healthy
0.9963844449231636,0.003615555069356467,7.480057872827084e-12,1,Healthy
0.9498625765328461,0.05013737393324372,4.953391015147094e-08,2,Healthy
0.9963844449231636,0.003615555069356467,7.480057872827084e-12,3,Healthy
0.9858315253621459,0.014168474228124697,4.0972942328990377e-10,4,Healthy
0.9917879756939493,0.008212024242511556,6.353907708023855e-11,5,Healthy
0.9932803147905955,0.0067196851656867885,4.371764593039026e-11,6,Healthy
0.9923500914206221,0.0076499085090296895,7.03481115497658e-11,7,Healthy
0.9918374645213673,0.008162535336267374,1.4236526385599696e-10,8,Healthy
0.9657597305533396,0.034240250717258,1.8729402415468255e-08,9,Healthy
0.9839483797819593,0.016051619328732305,8.893084774521171e-10,10,Healthy
0.9963844449231636,0.003615555069356467,7.480057872827084e-12,11,Healthy
0.9917879756939493,0.008212024242511556,6.353907708023855e-11,12,Healthy
0.9600856711290694,0.03991430902221528,1.9848715395747478e-08,13,Degrading
0.9828169395575915,0.01718305911028135,1.3321271271464391e-09,14,Degrading
0.938111378320214,0.06188852038105815,1.0129872792845648e-07,15,Degrading
0.775141756816896,0.2248488767483074,9.36643479668344e-06,16,Degrading
0.9828169395575915,0.01718305911028135,1.3321271271464391e-09,17,Degrading
0.9537292863714496,0.0462706952163442,1.8412206217155745e-08,18,Critical
0.5251144162497613,0.4747655591321225,0.00012002461811624824,19,Critical
0.5528646047446611,0.4470834436986503,5.1951556688590785e-05,20,Critical
0.0624868278103719,0.9130446837221152,0.024468488467512872,21,Critical
1.7084873774839587e-06,0.0013670664791211918,0.9986312250335013,22,Critical
1.3693568285853814e-06,0.0012344507550508862,0.9987641798881205,23,Critical
0.9918374645213673,0.008162535336267374,1.4236526385599696e-10,0,Healthy
0.9963844449231636,0.003615555069356467,7.480057872827084e-12,1,Healthy
0.9843788563942327,0.015621142868684167,7.370832108953512e-10,2,Healthy
0.9918374645213673,0.008162535336267374,1.4236526385599696e-10,3,Healthy
0.9918374645213673,0.008162535336267374,1.4236526385599696e-10,4,Healthy
0.9963844449231636,0.003615555069356467,7.480057872827084e-12,5,Healthy
0.9841575905141684,0.015842409039001363,4.4683010620835485e-10,6,Healthy
0.7257948693490403,0.2742015351233988,3.595527560935753e-06,7,Degrading
0.9122665556538879,0.08773333344930191,1.1089681008340045e-07,8,Degrading
0.535950695164979,0.46401187054987636,3.7434285144588565e-05,9,Degrading
0.4756152339919593,0.5243192401858441,6.552582219659132e-05,10,Degrading
0.054791913721195754,0.8835668867408876,0.061641199537916636,11,Degrading
0.02502893340261731,0.8126629204269721,0.16230814617041064,12,Critical
0.011517651545010697,0.5596244375733336,0.4288579108816558,13,Critical
3.667201272625372e-05,0.011910403648698446,0.9880529243385753,14,Critical
1.830737203992796e-08,4.5738781002087304e-05,0.9999542429116258,15,Critical
1.830737203992796e-08,4.5738781002087304e-05,0.9999542429116258,16,Critical
0.9827137137265026,0.017286285678988045,5.945092151563108e-10,0,Healthy
0.9918332398112842,0.008166760130126571,5.858915198378229e-11,1,Healthy
0.9918374645213673,0.008162535336267374,1.4236526385599696e-10,2,Healthy
0.9843788563942327,0.015621142868684167,7.370832108953512e-10,3,Healthy
0.9918374645213673,0.008162535336267374,1.4236526385599696e-10,4,Healthy
0.9917879756939493,0.008212024242511556,6.353907708023855e-11,5,Healthy
0.9918374645213673,0.008162535336267374,1.4236526385599696e-10,6,Healthy
0.9918374645213673,0.008162535336267374,1.4236526385599696e-10,7,Healthy
0.971094019230704,0.028905978866549307,1.9027467002898073e-09,8,Healthy
0.9963844449231636,0.003615555069356467,7.480057872827084e-12,9,Healthy
0.9661738680006295,0.03382612506080355,6.938566914494217e-09,10,Healthy
0.9373585477848797,0.06264141048149757,4.173362271255057e-08,11,Healthy
0.9963844449231636,0.003615555069356467,7.480057872827084e-12,12,Healthy
0.9307716781075605,0.06922825877241418,6.312002530489426e-08,13,Healthy
0.9133026295000878,0.08669726152547567,1.0897443660059558e-07,14,Healthy
0.9330283607195587,0.0669716017391057,3.754133570116888e-08,15,Degrading
0.7566156418818659,0.24337975563450082,4.602483633264131e-06,16,Degrading
0.6078569802360108,0.3921323652596857,1.0654504303454226e-05,17,Degrading
0.9600856711290694,0.03991430902221528,1.9848715395747478e-08,18,Degrading
0.398494495016522,0.6014128113463102,9.269363716777608e-05,19,Degrading
0.06230368364131725,0.9137578206480141,0.023938495710668632,20,Critical
0.1524954228119119,0.8428455649529764,0.004659012235111815,21,Critical
0.02151937863093088,0.7962765652915732,0.18220405607749587,22,Critical
7.000376308078429e-06,0.003055608726923553,0.9969373908967684,23,Critical
1.830737203992796e-08,4.5738781002087304e-05,0.9999542429116258,24,Critical
1.830737203992796e-08,4.5738781002087304e-05,0.9999542429116258,25,Critical
0.3048093316484053,0.6948488298034041,0.00034183854819057476,0,Healthy
0.050760555132456454,0.857574818293606,0.09166462657393744,1,Healthy
0.17045853307660797,0.8281615249279728,0.0013799419954192084,2,Healthy
0.2599265980081195,0.7389528499063263,0.0011205520855541943,3,Healthy
0.017614283389106422,0.5912034744505271,0.39118224216036646,4,Degrading
0.14898347164611406,0.8487150635701514,0.002301464783734499,5,Degrading
0.025923277816833738,0.8279328361973491,0.14614388598581712,6,Degrading
9.362293665753303e-05,0.02057403492244432,0.9793323421408981,7,Degrading
0.02799615348163213,0.8247247481011252,0.14727909841724268,8,Degrading
7.693098097381804e-05,0.018941639508153467,0.9809814295108727,9,Critical
1.2900231569550716e-05,0.005063649754758918,0.9949234500136714,10,Critical
3.1894377936760273e-06,0.0020314022602378533,0.9979654083019684,11,Critical
1.8013079513729876e-07,0.0002593112335641222,0.9997405086356408,12,Critical
1.830737203992796e-08,4.5738781002087304e-05,0.9999542429116258,13,Critical
1.830737203992796e-08,4.5738781002087304e-05,0.9999542429116258,14,Critical
0.23139343316081296,0.7678156137552181,0.0007909530839688812,0,Healthy
0.0482267534156212,0.9177363570116948,0.03403688957268405,1,Healthy
0.5709525497024239,0.42900190226082097,4.5548036755047585e-05,2,Healthy
0.7269027454260457,0.2730939342418325,3.3203321219258224e-06,3,Healthy
0.3583742969569427,0.6415362332634734,8.946977958402488e-05,4,Healthy
0.39669162675994857,0.6031592890320339,0.00014908420801757708,5,Degrading
0.6021492091668292,0.3977918210969398,5.896973623092565e-05,6,Degrading
0.11857550701612848,0.87405059601197,0.007373896971901529,7,Degrading
0.24641329105564713,0.7529374417614183,0.0006492671829345805,8,Degrading
0.17092880059797108,0.8227509625881888,0.0063202368138401506,9,Degrading
0.057718873088053735,0.9006239882419718,0.041657138669974496,10,Degrading
0.2148640248590819,0.7840262572419779,0.0011097178989399861,11,Degrading
0.027346838023106904,0.7765601816540689,0.19609298032282418,12,Degrading
0.001355714567240294,0.1390285236141065,0.8596157618186532,13,Critical
0.01917814966452758,0.6773072783917489,0.3035145719437236,14,Critical
3.6308327362541614e-05,0.012365597192757974,0.9875980944798796,15,Critical
0.0006010848854357207,0.08637259566371046,0.9130263194508539,16,Critical
1.7084873774839587e-06,0.0013670664791211918,0.9986312250335013,17,Critical
3.088937855802442e-07,0.00034859169035777733,0.9996510994158566,18,Critical
1.830737203992796e-08,4.5738781002087304e-05,0.9999542429116258,19,Critical
1.830737203992796e-08,4.5738781002087304e-05,0.9999542429116258,20,Critical
0.21773245576211062,0.7805470192712944,0.0017205249665949499,0,Healthy
0.006474907450515053,0.4088636321742648,0.58466146037522,1,Healthy
0.045424622257220576,0.9182275383841597,0.03634783935861976,2,Healthy
0.2556507162157463,0.7435954939083951,0.0007537898758586115,3,Healthy
0.7623227905052323,0.23767157947289155,5.63002187603464e-06,4,Healthy
0.055932921202609225,0.8374230451796182,0.1066440336177726,5,Degrading
0.07420410081232956,0.9061205566834247,0.01967534250424563,6,Degrading
0.01940053302775671,0.7706267723702892,0.20997269460195414,7,Degrading
0.0003013372510877001,0.06138155666759197,0.9383171060813204,8,Degrading
0.008648691911645526,0.47137476569446507,0.5199765423938895,9,Degrading
0.0033991059292402563,0.24744622531754418,0.7491546687532157,10,Degrading
3.225915585015905e-05,0.01140415964382571,0.9885635812003242,11,Degrading
2.055867321872498e-06,0.001599643504557673,0.9983983006281205,12,Critical
9.387845261420512e-06,0.0036320096989607147,0.9963586024557779,13,Critical
1.1994334552932805e-07,0.00020004999171049998,0.9997998300649439,14,Critical
1.830737203992796e-08,4.5738781002087304e-05,0.9999542429116258,15,Critical
1.830737203992796e-08,4.5738781002087304e-05,0.9999542429116258,16,Critical
1.830737203992796e-08,4.5738781002087304e-05,0.9999542429116258,17,Critical
1.830737203992796e-08,4.5738781002087304e-05,0.9999542429116258,18,Critical
0.9843788563942327,0.015621142868684167,7.370832108953512e-10,0,Healthy
0.9918374645213673,0.008162535336267374,1.4236526385599696e-10,1,Healthy
0.9918374645213673,0.008162535336267374,1.4236526385599696e-10,2,Healthy
0.9932803147905955,0.0067196851656867885,4.371764593039026e-11,3,Healthy
0.9684334729064199,0.031566519397851295,7.695728749545976e-09,4,Healthy
0.9740626349954004,0.025937356937598282,8.067001358311218e-09,5,Healthy
0.9843788563942327,0.015621142868684167,7.370832108953512e-10,6,Healthy
0.9917879756939493,0.008212024242511556,6.353907708023855e-11,7,Healthy
0.9923500914206221,0.0076499085090296895,7.03481115497658e-11,8,Healthy
0.981667897373015,0.018332101518247827,1.1087372828340973e-09,9,Degrading
0.957455271940922,0.04254471690392843,1.1155149582079532e-08,10,Degrading
0.9828169395575915,0.01718305911028135,1.3321271271464391e-09,11,Degrading
0.9703084906079998,0.02969150709714435,2.294855818944563e-09,12,Degrading
0.9317070071488026,0.06829293952202209,5.332917521048897e-08,13,Degrading
0.981667897373015,0.018332101518247827,1.1087372828340973e-09,14,Degrading
0.9918374645213673,0.008162535336267374,1.4236526385599696e-10,15,Degrading
0.42402921033452184,0.5756712454310439,0.00029954423443431517,16,Degrading
0.7173776198964679,0.28261808429072677,4.295812805507277e-06,17,Degrading
0.05753376663881195,0.9149708121500333,0.02749542121115487,18,Degrading
0.33639446362598574,0.6634535141261696,0.00015202224784478056,19,Critical
1.8013079513729876e-07,0.0002593112335641222,0.9997405086356408,20,Critical
2.8661437572917884e-05,0.010648039092928961,0.9893232994694982,21,Critical
3.246293951309103e-07,0.0003588350451915542,0.9996408403254133,22,Critical
1.830737203992796e-08,4.5738781002087304e-05,0.9999542429116258,23,Critical
1.830737203992796e-08,4.5738781002087304e-05,0.9999542429116258,24,Critical
1.830737203992796e-08,4.5738781002087304e-05,0.9999542429116258,25,Critical
0.01731428084415151,0.5473564744730862,0.43532924468276235,0,Healthy
0.0005802770949008301,0.08553589001221706,0.9138838328928821,1,Healthy
0.02655563015628507,0.8211931938575394,0.15225117598617552,2,Healthy
0.012258839606138501,0.5461386808086814,0.44160247958518006,3,Healthy
0.003296205384957759,0.25020361253040563,0.7465001820846365,4,Healthy
0.1382354748136901,0.8565530506410249,0.005211474545284842,5,Healthy
0.002979608181493751,0.2997231180254059,0.6972972737931002,6,Healthy
3.1894377936760273e-06,0.0020314022602378533,0.9979654083019684,7,Degrading
0.0027901783425194285,0.23022953770611723,0.7669802839513633,8,Degrading
0.0028570784730521503,0.2321937850130298,0.764949136513918,9,Degrading
1.7140814237933894e-06,0.0014097880830216934,0.9985884978355546,10,Degrading
5.6303801006104005e-06,0.002664901248341694,0.9973294683715578,11,Degrading
1.0554873782726115e-06,0.0008149995219594053,0.9991839449906624,12,Critical
1.830737203992796e-08,4.5738781002087304e-05,0.9999542429116258,13,Critical
0.9843788563942327,0.015621142868684167,7.370832108953512e-10,0,Healthy
0.9963844449231636,0.003615555069356467,7.480057872827084e-12,1,Healthy
0.964111346607603,0.035888645956192074,7.436205038160389e-09,2,Healthy
0.9963844449231636,0.003615555069356467,7.480057872827084e-12,3,Healthy
0.9918374645213673,0.008162535336267374,1.4236526385599696e-10,4,Healthy
0.8168056121387752,0.18319341855573376,9.693054910125696e-07,5,Healthy
0.9848887352348039,0.015111263936381028,8.288150327181346e-10,6,Healthy
0.9848887352348039,0.015111263936381028,8.288150327181346e-10,7,Healthy
0.9707020080678298,0.029297981905502573,1.0026667639940078e-08,8,Healthy
0.9918374645213673,0.008162535336267374,1.4236526385599696e-10,9,Healthy
0.9682466341184349,0.031753362447373756,3.434191356640988e-09,10,Healthy
0.7930135139453225,0.20698336011595647,3.1259387211119593e-06,11,Healthy
0.8639464605369748,0.13605323205270264,3.0741032251731333e-07,12,Healthy
0.9511618093148407,0.04883814959192113,4.10932380409102e-08,13,Healthy
0.6119991651437887,0.3879673019988404,3.353285737082956e-05,14,Degrading
0.7206881043963548,0.27930954187927426,2.353724370953094e-06,15,Degrading
0.6396024257097819,0.36033881621256253,5.875807765562451e-05,16,Degrading
0.955543488947067,0.04445649579195479,1.526097823379703e-08,17,Degrading
0.39914065883796607,0.6005575433851473,0.000301797776886726,18,Degrading
0.6651972608263172,0.33478906059296165,1.3678580721163594e-05,19,Degrading
0.6682053698111747,0.33178124677938303,1.338340944220555e-05,20,Degrading
0.5952042803040957,0.4047265600866685,6.915960923585719e-05,21,Degrading
0.2446964082083442,0.7545310479269475,0.0007725438647083353,22,Degrading
0.5140350002994317,0.4859137094782604,5.129022230784875e-05,23,Degrading
0.25125450322612636,0.747547124956066,0.0011983718178075618,24,Critical
0.05871396794198075,0.9145869781288861,0.0266990539291331,25,Critical
1.8013079513729876e-07,0.0002593112335641222,0.9997405086356408,26,Critical
1.1994334552932805e-07,0.00020004999171049998,0.9997998300649439,27,Critical
3.246293951309103e-07,0.0003588350451915542,0.9996408403254133,28,Critical
1.830737203992796e-08,4.5738781002087304e-05,0.9999542429116258,29,Critical
1.830737203992796e-08,4.5738781002087304e-05,0.9999542429116258,30,Critical
1.830737203992796e-08,4.5738781002087304e-05,0.9999542429116258,31,Critical
1.830737203992796e-08,4.5738781002087304e-05,0.9999542429116258,32,Critical
1.830737203992796e-08,4.5738781002087304e-05,0.9999542429116258,33,Critical
1.830737203992796e-08,4.5738781002087304e-05,0.9999542429116258,34,Critical
0.9918374645213673,0.008162535336267374,1.4236526385599696e-10,0,Healthy
0.9918374645213673,0.008162535336267374,1.4236526385599696e-10,1,Healthy
0.9963844449231636,0.003615555069356467,7.480057872827084e-12,2,Healthy
0.9918374645213673,0.008162535336267374,1.4236526385599696e-10,3,Healthy
0.9767809734665608,0.023219021740867107,4.792572081856438e-09,4,Healthy
0.9858315253621459,0.014168474228124697,4.0972942328990377e-10,5,Healthy
0.9858315253621459,0.014168474228124697,4.0972942328990377e-10,6,Degrading
0.9848887352348039,0.015111263936381028,8.288150327181346e-10,7,Degrading
0.9928583704716563,0.007141629481410418,4.6933388378471007e-11,8,Degrading
0.8532858997692724,0.14671359713573584,5.030949918688661e-07,9,Degrading
0.23304870661679286,0.7635938543425628,0.0033574390406445388,10,Critical
0.0009723801423330321,0.11111415533887158,0.8879134645187954,11,Critical
0.001529276995167463,0.15598605294084675,0.8424846700639859,12,Critical
1.830737203992796e-08,4.5738781002087304e-05,0.9999542429116258,13,Critical
1.830737203992796e-08,4.5738781002087304e-05,0.9999542429116258,14,Critical
0.02699690540681619,0.8222465474014683,0.15075654719171558,0,Healthy
0.3990380885266376,0.6008085420310145,0.000153369442347921,1,Healthy
0.0001547010728799086,0.02703483250327318,0.9728104664238468,2,Healthy
0.031173377524422268,0.83783745107865,0.13098917139692762,3,Healthy
0.07620424674317937,0.8713305749655906,0.05246517829123002,4,Degrading
0.021334503220758704,0.7299820939990124,0.248683402780229,5,Degrading
0.06627654655986569,0.9117950392981362,0.021928414141998146,6,Degrading
0.008550995739283985,0.47904589149410937,0.5124031127666067,7,Degrading
0.007749610042751007,0.46751024745114994,0.5247401425060989,8,Degrading
1.771831861493112e-05,0.006179823866496161,0.993802457814889,9,Degrading
0.0006336504067441721,0.09275695292226072,0.9066093966709952,10,Critical
1.830737203992796e-08,4.5738781002087304e-05,0.9999542429116258,11,Critical
3.088937855802442e-07,0.00034859169035777733,0.9996510994158566,12,Critical
0.5327413346772514,0.46721147740027225,4.7187922476287496e-05,0,Healthy
0.33433475352741543,0.6653768845346795,0.00028836193790507413,1,Healthy
0.48221984041045124,0.5175878771454123,0.00019228244413654932,2,Healthy
0.08287795952437131,0.8928569913215638,0.024265049154064793,3,Healthy
0.06388217950756904,0.9114914101366116,0.024626410355819254,4,Healthy
0.21354277773783661,0.7849134594309645,0.0015437628311988731,5,Healthy
0.11950201515152091,0.867848889441467,0.012649095407012133,6,Healthy
0.3934095488715014,0.6064258292204322,0.00016462190806625882,7,Healthy
0.0338334830562826,0.8378085312545527,0.12835798568916487,8,Healthy
0.05387839980441257,0.8695608838530249,0.07656071634256237,9,Degrading
0.0004736268805067084,0.07784960980289761,0.9216767633165956,10,Degrading
2.2084969189894156e-05,0.006795750786661739,0.9931821642441483,11,Degrading
3.1894377936760273e-06,0.0020314022602378533,0.9979654083019684,12,Degrading
6.364582251906033e-05,0.0167360357319778,0.9832003184455032,13,Critical
1.830737203992796e-08,4.5738781002087304e-05,0.9999542429116258,14,Critical
1.830737203992796e-08,4.5738781002087304e-05,0.9999542429116258,15,Critical
1.830737203992796e-08,4.5738781002087304e-05,0.9999542429116258,16,Critical
1.830737203992796e-08,4.5738781002087304e-05,0.9999542429116258,17,Critical
1.830737203992796e-08,4.5738781002087304e-05,0.9999542429116258,18,Critical
1.8013079513729876e-07,0.0002593112335641222,0.9997405086356408,19,Critical
1.830737203992796e-08,4.5738781002087304e-05,0.9999542429116258,20,Critical
0.4825131004572769,0.5174318263877827,5.5073154940535844e-05,0,Healthy
0.5384125406371522,0.46156647168307186,2.098767977592614e-05,1,Healthy
0.33310743393644276,0.6666902825674293,0.00020228349612779972,2,Healthy
0.8477468383276562,0.1522523647778249,7.968945189736504e-07,3,Healthy
0.881973099781315,0.11802669216417427,2.0805451060661857e-07,4,Healthy
0.5279827629521033,0.47199235891388563,2.4878134011033723e-05,5,Degrading
0.7044229730586751,0.29556840238062093,8.624560704071417e-06,6,Degrading
0.00625313143947542,0.42560245172723377,0.5681444168332909,7,Degrading
0.0005536280247367766,0.06957578704189153,0.9298705849333717,8,Critical
2.408512854362816e-05,0.009606264412969974,0.9903696504584864,9,Critical
2.8661437572917884e-05,0.010648039092928961,0.9893232994694982,10,Critical
0.0006949172241046714,0.09591347639468839,0.903391606381207,11,Critical
3.246293951309103e-07,0.0003588350451915542,0.9996408403254133,12,Critical
1.830737203992796e-08,4.5738781002087304e-05,0.9999542429116258,13,Critical
0.000244314693121594,0.0420206904339912,0.9577349948728872,0,Healthy
0.03225159128072567,0.8478327857403029,0.11991562297897154,1,Healthy
0.04313800211827311,0.9197483584180769,0.03711363946365016,2,Healthy
0.24641329105564713,0.7529374417614183,0.0006492671829345805,3,Healthy
0.006988885547821778,0.4462050321925188,0.5468060822596594,4,Healthy
0.1780102238503013,0.8207201232137294,0.0012696529359692693,5,Healthy
0.2035569021153273,0.7946013159160803,0.001841781968592296,6,Healthy
0.005813512767707876,0.3125338441198361,0.681652643112456,7,Healthy
0.020125681301488188,0.77664132264856,0.20323299604995176,8,Healthy
0.05513946883443186,0.895547675513774,0.04931285565179405,9,Healthy
2.9132539094185916e-05,0.011178060830983307,0.9887928066299225,10,Degrading
0.008001597176557972,0.46253306682372675,0.5294653359997152,11,Degrading
0.0003028382467284932,0.04470610666320718,0.9549910550900643,12,Degrading
2.292374127533958e-05,0.00933451841054416,0.9906425578481804,13,Degrading
1.830737203992796e-08,4.5738781002087304e-05,0.9999542429116258,14,Degrading
0.000652276270125153,0.09412601761207963,0.9052217061177952,15,Critical
3.703146523198828e-06,0.002212445917453933,0.997783850936023,16,Critical
2.091768756398228e-07,0.00028246653913355116,0.9997173242839908,17,Critical
1.830737203992796e-08,4.5738781002087304e-05,0.9999542429116258,18,Critical
3.034983040149905e-06,0.001973508104124989,0.9980234569128349,19,Critical
2.61871005574051e-07,0.000322630931381476,0.9996771071976129,20,Critical
1.830737203992796e-08,4.5738781002087304e-05,0.9999542429116258,21,Critical
0.49282589932407656,0.5071426290603704,3.1471615553076844e-05,0,Healthy
0.17950610602165765,0.8194272648058013,0.0010666291725409877,1,Degrading
0.5256971208012721,0.4742032496389704,9.962955975753217e-05,2,Degrading
0.16300289804369744,0.8340513172300668,0.002945784726235924,3,Degrading
0.0005375058123987294,0.0616058392655149,0.9378566549220864,4,Degrading
0.006414177146058968,0.4163229902631212,0.5772628325908199,5,Critical
1.830737203992796e-08,4.5738781002087304e-05,0.9999542429116258,6,Critical
2.5732813374332806e-06,0.0018267564218379276,0.9981706702968246,7,Critical
1.830737203992796e-08,4.5738781002087304e-05,0.9999542429116258,8,Critical
0.9871230104721223,0.012876989301232428,2.2664541052354167e-10,0,Healthy
0.9918374645213673,0.008162535336267374,1.4236526385599696e-10,1,Healthy
0.9863197599971508,0.013680239759627021,2.4322211205532183e-10,2,Healthy
0.8745698900612882,0.12542980054659836,3.0939211354570016e-07,3,Healthy
0.9647597568066247,0.0352402397467229,3.4466524611427745e-09,4,Degrading
0.8783612052878408,0.12163830647886532,4.882332938154167e-07,5,Degrading
0.6891878087941236,0.31080703394552495,5.157260351485274e-06,6,Degrading
0.4003207986213234,0.5995239458246464,0.0001552555540302267,7,Degrading
0.5003690428459433,0.4995677615679987,6.31955860579868e-05,8,Degrading
0.11370207747523955,0.8798199757902744,0.00647794673448599,9,Degrading
0.8871456027479465,0.11285389752230193,4.997297515278458e-07,10,Degrading
0.25672669634989986,0.7425753432095552,0.0006979604405447996,11,Critical
0.3696011143106299,0.630166877426853,0.00023200826251706981,12,Critical
0.0029433259005177525,0.2896377089140913,0.707418965185391,13,Critical
2.9132539094185916e-05,0.011178060830983307,0.9887928066299225,14,Critical
4.355670683033877e-07,0.00042674335495048913,0.9995728210779812,15,Critical
1.830737203992796e-08,4.5738781002087304e-05,0.9999542429116258,16,Critical
1.830737203992796e-08,4.5738781002087304e-05,0.9999542429116258,17,Critical
0.09013032988975046,0.8838351377625606,0.026034532347688894,0,Healthy
0.42156403857030195,0.5782973594309253,0.00013860199877292165,1,Healthy
0.834207041074293,0.1657921655940462,7.933316609052876e-07,2,Healthy
0.497571189273099,0.5023808247033399,4.798602356111948e-05,3,Healthy
0.1658407730521281,0.8257285263573325,0.0084307005905393,4,Healthy
0.32891992184960855,0.670947817004355,0.00013226114603655207,5,Healthy
0.6980913339089421,0.30190434448754105,4.321603516920842e-06,6,Healthy
0.14432568024189374,0.8383041496694924,0.01737017008861392,7,Healthy
0.025296319858161775,0.8248279853300867,0.1498756948117515,8,Healthy
0.6402720519193669,0.3597143656514438,1.358242918912998e-05,9,Healthy
0.6854493439928132,0.31452085795731927,2.9798049867591595e-05,10,Healthy
0.09967867665379065,0.892871352174065,0.007449971172144357,11,Healthy
0.3944478745491549,0.6054808049635327,7.132048731242159e-05,12,Healthy
0.6944424710560088,0.30554638260998596,1.1146334005435827e-05,13,Degrading
0.09059058887435577,0.8956371856868567,0.013772225438787573,14,Degrading
0.18559653973518506,0.8115689629961673,0.0028344972686476376,15,Degrading
0.1828490341256954,0.8147398753900421,0.002411090484262372,16,Degrading
0.11867524251985831,0.8685997413639349,0.01272501611620688,17,Degrading
0.1966925162737304,0.8001266164141937,0.0031808673120759003,18,Degrading
6.364582251906033e-05,0.0167360357319778,0.9832003184455032,19,Degrading
0.014280838273387749,0.6255754891962397,0.3601436725303725,20,Degrading
1.1994334552932805e-07,0.00020004999171049998,0.9997998300649439,21,Degrading
0.01917814966452758,0.6773072783917489,0.3035145719437236,22,Degrading
1.830737203992796e-08,4.5738781002087304e-05,0.9999542429116258,23,Critical
1.830737203992796e-08,4.5738781002087304e-05,0.9999542429116258,24,Critical
0.4229278051666897,0.576943982836242,0.00012821199706821042,0,Healthy
0.11644665802839331,0.8768216425272485,0.006731699444358263,1,Healthy
0.0013277264690152635,0.13691292727678328,0.8617593462542014,2,Healthy
0.0352912777740564,0.8106913548246512,0.15401736740129238,3,Healthy
0.08186158195198368,0.9051992826317969,0.012939135416219449,4,Healthy
0.023003027524442776,0.7412780884962568,0.23571888397930055,5,Healthy
0.02903262601537413,0.8643984053659697,0.10656896861865618,6,Degrading
0.001455030569551168,0.13763003937868987,0.860914930051759,7,Degrading
0.0009661239905047577,0.11475320872032574,0.8842806672891695,8,Degrading
0.0017631459115623421,0.17217940078434035,0.8260574533040973,9,Degrading
2.091768756398228e-07,0.00028246653913355116,0.9997173242839908,10,Degrading
0.02799615348163213,0.8247247481011252,0.14727909841724268,11,Degrading
3.088937855802442e-07,0.00034859169035777733,0.9996510994158566,12,Critical
2.424394156859448e-05,0.009566236112843615,0.9904095199455878,13,Critical
1.7140814237933894e-06,0.0014097880830216934,0.9985884978355546,14,Critical
0.0024737626251368724,0.2727431540789411,0.724783083295922,15,Critical
1.830737203992796e-08,4.5738781002087304e-05,0.9999542429116258,16,Critical
1.1994334552932805e-07,0.00020004999171049998,0.9997998300649439,17,Critical
0.7894009232028446,0.21059624644808875,2.8303490666756436e-06,0,Healthy
0.5056655730181369,0.4942789012831598,5.552569870324246e-05,1,Healthy
0.3999098535737992,0.5998817303730101,0.00020841605319089042,2,Healthy
0.7337581896708054,0.26623893445298374,2.8758762109218685e-06,3,Healthy
0.20477484046096375,0.7934648157013859,0.0017603438376502945,4,Healthy
0.8490163152919034,0.15098323930292648,4.454051700868737e-07,5,Degrading
0.964111346607603,0.035888645956192074,7.436205038160389e-09,6,Degrading
0.5432350607748349,0.45674110636403903,2.3832861125999986e-05,7,Degrading
0.724057770858656,0.27594022373689026,2.005404453729948e-06,8,Degrading
0.32537670728379553,0.6739818414432049,0.0006414512729995728,9,Degrading
0.18106959594572106,0.8177015438534052,0.0012288602008738256,10,Degrading
0.3833294443437591,0.6164189499248841,0.00025160573135688474,11,Degrading
0.26706836147927177,0.7319201785923596,0.0010114599283685482,12,Degrading
0.04940097743718324,0.8869036117382723,0.0636954108245445,13,Degrading
0.06407900475731088,0.8870661160399709,0.04885487920271843,14,Degrading
2.424394156859448e-05,0.009566236112843615,0.9904095199455878,15,Critical
1.9387945579386315e-05,0.008385025935602277,0.9915955861188183,16,Critical
1.830737203992796e-08,4.5738781002087304e-05,0.9999542429116258,17,Critical
1.830737203992796e-08,4.5738781002087304e-05,0.9999542429116258,18,Critical
0.9963844449231636,0.003615555069356467,7.480057872827084e-12,0,Healthy
0.9843788563942327,0.015621142868684167,7.370832108953512e-10,1,Healthy
0.9684334729064199,0.031566519397851295,7.695728749545976e-09,2,Healthy
0.9847977628407465,0.015202236789360567,3.6989293624075e-10,3,Healthy
0.9839483797819593,0.016051619328732305,8.893084774521171e-10,4,Healthy
0.9917879756939493,0.008212024242511556,6.353907708023855e-11,5,Degrading
0.9918374645213673,0.008162535336267374,1.4236526385599696e-10,6,Degrading
0.9828169395575915,0.01718305911028135,1.3321271271464391e-09,7,Degrading
0.9267358403261732,0.07326412512966407,3.454416272371107e-08,8,Degrading
0.41178144271384615,0.5880967387279263,0.00012181855822749224,9,Critical
